ts_code,trade_date,pre_close,open,high,low,close,change,pct_chg,vol,amount
510050.SH,20100104,2.559,2.569,2.572,2.51,2.512,-0.047,-1.8367,7864332.06,2000121.183
510050.SH,20100105,2.512,2.525,2.562,2.489,2.544,0.032,1.2739,10998787.55,2781187.358
510050.SH,20100106,2.544,2.539,2.55,2.511,2.512,-0.032,-1.2579,5465724.97,1384265.012
510050.SH,20100107,2.512,2.513,2.526,2.449,2.462,-0.05,-1.9904,8942675.14,2226035.249
510050.SH,20100108,2.462,2.458,2.468,2.427,2.462,0.0,0.0,8854760.13,2168222.331
510050.SH,20100111,2.462,2.6,2.6,2.462,2.473,0.011,0.4468,13548809.94,3409013.315
510050.SH,20100112,2.473,2.462,2.506,2.428,2.505,0.032,1.294,12172625.81,3008190.197
510050.SH,20100113,2.505,2.452,2.457,2.39,2.394,-0.111,-4.4311,14207432.27,3444822.693
510050.SH,20100114,2.394,2.41,2.424,2.38,2.416,0.022,0.919,8782125.18,2113674.94
510050.SH,20100115,2.416,2.416,2.44,2.399,2.422,0.006,0.2483,6523284.51,1578854.361
510050.SH,20100118,2.422,2.412,2.418,2.398,2.415,-0.007,-0.289,5088502.26,1226176.35
510050.SH,20100119,2.415,2.421,2.448,2.418,2.431,0.016,0.6625,9716637.74,2364288.724
510050.SH,20100120,2.431,2.435,2.436,2.354,2.356,-0.075,-3.0852,7692516.44,1837559.3
510050.SH,20100121,2.356,2.361,2.389,2.347,2.376,0.02,0.8489,11077709.79,2620563.032
510050.SH,20100122,2.376,2.35,2.4,2.318,2.377,0.001,0.0421,11702915.93,2762052.036
510050.SH,20100125,2.377,2.352,2.392,2.35,2.355,-0.022,-0.9255,7971761.04,1889290.383
510050.SH,20100126,2.355,2.356,2.361,2.301,2.309,-0.046,-1.9533,9614014.28,2235841.187
510050.SH,20100127,2.309,2.313,2.319,2.261,2.262,-0.047,-2.0355,10101134.45,2307873.556
510050.SH,20100128,2.262,2.263,2.269,2.235,2.25,-0.012,-0.5305,5968602.59,1344312.609
510050.SH,20100129,2.25,2.238,2.279,2.231,2.244,-0.006,-0.2667,6200918.49,1399818.522
510050.SH,20100201,2.244,2.241,2.241,2.186,2.208,-0.036,-1.6043,7001223.48,1544748.3
510050.SH,20100202,2.208,2.225,2.265,2.21,2.216,0.008,0.3623,6565432.87,1471088.062
510050.SH,20100203,2.216,2.227,2.283,2.193,2.282,0.066,2.9783,10953975.2,2456854.488
510050.SH,20100204,2.282,2.261,2.279,2.247,2.265,-0.017,-0.745,7284769.51,1648858.963
510050.SH,20100205,2.265,2.225,2.234,2.206,2.219,-0.046,-2.0309,6526724.33,1448850.255
510050.SH,20100208,2.219,2.22,2.234,2.202,2.212,-0.007,-0.3155,3499845.98,776545.307
510050.SH,20100209,2.212,2.208,2.237,2.204,2.228,0.016,0.7233,4088552.83,909905.131
510050.SH,20100210,2.228,2.246,2.264,2.242,2.263,0.035,1.5709,3489611.22,785651.27
510050.SH,20100211,2.263,2.262,2.278,2.258,2.268,0.005,0.2209,2220589.06,503997.96
510050.SH,20100212,2.268,2.275,2.291,2.271,2.287,0.019,0.8377,2296410.32,524024.13
510050.SH,20100222,2.287,2.287,2.294,2.269,2.271,-0.016,-0.6996,3950442.99,901286.945
510050.SH,20100223,2.271,2.261,2.268,2.207,2.23,-0.041,-1.8054,5768024.3,1282063.965
510050.SH,20100224,2.23,2.224,2.254,2.207,2.252,0.022,0.9865,4036906.39,901550.95
510050.SH,20100225,2.252,2.255,2.29,2.251,2.287,0.035,1.5542,6789958.99,1548363.36
510050.SH,20100226,2.287,2.279,2.293,2.276,2.28,-0.007,-0.3061,3368786.7,769444.498
510050.SH,20100301,2.28,2.279,2.323,2.279,2.318,0.038,1.6667,4262416.93,983304.74
510050.SH,20100302,2.318,2.32,2.329,2.305,2.311,-0.007,-0.302,4053307.36,938546.926
510050.SH,20100303,2.311,2.311,2.322,2.293,2.321,0.01,0.4327,2974660.88,686950.836
510050.SH,20100304,2.321,2.319,2.321,2.267,2.269,-0.052,-2.2404,5517074.14,1265292.982
510050.SH,20100305,2.269,2.272,2.288,2.27,2.273,0.004,0.1763,2679585.33,610224.841
510050.SH,20100308,2.273,2.279,2.297,2.273,2.29,0.017,0.7479,2459069.66,562812.813
510050.SH,20100309,2.29,2.29,2.322,2.274,2.306,0.016,0.6987,4175418.25,959487.634
510050.SH,20100310,2.306,2.306,2.322,2.291,2.296,-0.01,-0.4337,3431831.81,790858.258
510050.SH,20100311,2.296,2.3,2.318,2.282,2.304,0.008,0.3484,5778845.75,1329776.31
510050.SH,20100312,2.304,2.302,2.306,2.275,2.278,-0.026,-1.1285,4314374.39,987959.534
510050.SH,20100315,2.278,2.274,2.279,2.232,2.239,-0.039,-1.712,6464220.76,1451917.274
510050.SH,20100316,2.239,2.237,2.26,2.236,2.259,0.02,0.8933,3490585.73,784200.708
510050.SH,20100317,2.259,2.265,2.308,2.26,2.306,0.047,2.0806,5761976.31,1317642.743
510050.SH,20100318,2.306,2.306,2.318,2.288,2.294,-0.012,-0.5204,4719135.49,1087836.193
510050.SH,20100319,2.294,2.293,2.316,2.282,2.314,0.02,0.8718,4398742.48,1011781.37
510050.SH,20100322,2.314,2.314,2.33,2.309,2.315,0.001,0.0432,4953433.86,1148749.048
510050.SH,20100323,2.315,2.317,2.319,2.288,2.289,-0.026,-1.1231,3725643.04,858504.26
510050.SH,20100324,2.289,2.299,2.312,2.288,2.291,0.002,0.0874,4030026.46,927298.181
510050.SH,20100325,2.291,2.284,2.284,2.255,2.257,-0.034,-1.4841,3738758.19,846862.281
510050.SH,20100326,2.257,2.256,2.306,2.255,2.296,0.039,1.728,4746791.63,1086153.573
510050.SH,20100329,2.296,2.31,2.37,2.306,2.366,0.07,3.0488,9674775.68,2272431.082
510050.SH,20100330,2.366,2.366,2.374,2.352,2.37,0.004,0.1691,4539974.65,1073765.883
510050.SH,20100331,2.37,2.368,2.372,2.343,2.35,-0.02,-0.8439,4416231.55,1040035.671
510050.SH,20100401,2.35,2.35,2.379,2.35,2.373,0.023,0.9787,4932458.38,1168179.903
510050.SH,20100402,2.373,2.378,2.385,2.367,2.375,0.002,0.0843,3605144.86,856636.428
510050.SH,20100406,2.375,2.387,2.407,2.365,2.374,-0.001,-0.0421,5626045.41,1340743.044
510050.SH,20100407,2.374,2.372,2.375,2.348,2.359,-0.015,-0.6318,5117094.71,1208058.922
510050.SH,20100408,2.359,2.354,2.354,2.314,2.321,-0.038,-1.6109,4439933.52,1036580.527
510050.SH,20100409,2.321,2.325,2.345,2.323,2.342,0.021,0.9048,3462424.26,808733.779
510050.SH,20100412,2.342,2.35,2.355,2.301,2.314,-0.028,-1.1956,4241253.92,985735.257
510050.SH,20100413,2.314,2.314,2.366,2.313,2.362,0.048,2.0743,10363195.72,2431676.276
510050.SH,20100414,2.362,2.363,2.38,2.351,2.371,0.009,0.381,4036563.8,953298.221
510050.SH,20100415,2.371,2.373,2.373,2.344,2.365,-0.006,-0.2531,4925177.7,1163292.078
510050.SH,20100416,2.365,2.35,2.362,2.325,2.33,-0.035,-1.4799,4909038.02,1147993.709
510050.SH,20100419,2.33,2.305,2.305,2.204,2.21,-0.12,-5.1502,12279319.7,2760509.279
510050.SH,20100420,2.21,2.214,2.22,2.178,2.202,-0.008,-0.362,7301047.13,1603308.555
510050.SH,20100421,2.202,2.201,2.237,2.186,2.233,0.031,1.4078,6779411.25,1498723.107
510050.SH,20100422,2.233,2.219,2.219,2.18,2.182,-0.051,-2.2839,7096894.13,1556624.883
510050.SH,20100423,2.182,2.186,2.197,2.157,2.168,-0.014,-0.6416,7228109.87,1572435.322
510050.SH,20100426,2.168,2.175,2.182,2.145,2.15,-0.018,-0.8303,7998153.73,1729097.565
510050.SH,20100427,2.15,2.143,2.144,2.08,2.111,-0.039,-1.814,7358024.76,1551887.362
510050.SH,20100428,2.111,2.092,2.112,2.08,2.105,-0.006,-0.2842,5240455.26,1099949.543
510050.SH,20100429,2.105,2.116,2.134,2.096,2.098,-0.007,-0.3325,5727070.53,1214322.391
510050.SH,20100430,2.098,2.106,2.133,2.095,2.131,0.033,1.5729,7141076.95,1507773.371
510050.SH,20100504,2.131,2.104,2.121,2.096,2.102,-0.029,-1.3609,5475072.01,1155019.972
510050.SH,20100505,2.102,2.085,2.111,2.054,2.107,0.005,0.2379,7239961.04,1506304.703
510050.SH,20100506,2.107,2.091,2.094,2.006,2.009,-0.098,-4.6512,8399427.82,1721562.917
510050.SH,20100507,2.009,1.975,2.018,1.964,1.986,-0.023,-1.1448,8559356.08,1704976.592
510050.SH,20100510,1.986,1.997,2.025,1.977,2.013,0.027,1.3595,8147783.06,1632192.024
510050.SH,20100511,2.013,2.055,2.06,1.963,1.974,-0.039,-1.9374,10151441.41,2042388.21
510050.SH,20100512,1.974,1.97,2.01,1.953,2.009,0.035,1.773,10455751.51,2079700.915
510050.SH,20100513,2.009,2.008,2.053,2.0,2.047,0.038,1.8915,10015077.86,2033814.819
510050.SH,20100514,2.047,2.028,2.043,2.018,2.026,-0.021,-1.0259,5556543.27,1127563.689
510050.SH,20100517,2.026,2.0,2.0,1.933,1.935,-0.091,-4.4916,7717251.43,1517480.062
510050.SH,20100518,1.935,1.941,1.989,1.928,1.977,0.042,2.1705,9411959.22,1841228.533
510050.SH,20100519,1.977,1.965,1.997,1.937,1.966,-0.011,-0.5564,8406457.65,1654329.376
510050.SH,20100520,1.966,1.952,1.982,1.931,1.932,-0.034,-1.7294,6790226.84,1327966.683
510050.SH,20100521,1.932,1.881,1.955,1.878,1.952,0.02,1.0352,8029839.23,1539208.949
510050.SH,20100524,1.952,1.966,2.027,1.965,2.016,0.064,3.2787,8959631.24,1797000.21
510050.SH,20100525,2.016,2.0,2.001,1.956,1.963,-0.053,-2.629,5155455.48,1020553.039
510050.SH,20100526,1.963,1.969,1.986,1.955,1.964,0.001,0.0509,4141656.28,815251.142
510050.SH,20100527,1.964,1.962,2.0,1.936,1.994,0.03,1.5275,6145954.62,1211139.375
510050.SH,20100528,1.994,2.015,2.017,1.976,1.983,-0.011,-0.5517,7091725.56,1417235.385
510050.SH,20100531,1.983,1.974,1.986,1.932,1.94,-0.043,-2.1684,5936731.01,1164556.317
510050.SH,20100601,1.94,1.929,1.948,1.902,1.921,-0.019,-0.9794,5975662.23,1152033.031
510050.SH,20100602,1.921,1.918,1.928,1.887,1.918,-0.003,-0.1562,4181174.66,797555.186
510050.SH,20100603,1.918,1.926,1.941,1.906,1.907,-0.011,-0.5735,5628330.69,1082823.263
510050.SH,20100604,1.907,1.903,1.913,1.893,1.906,-0.001,-0.0524,3146902.46,598815.548
510050.SH,20100607,1.906,1.873,1.888,1.861,1.867,-0.039,-2.0462,3998485.17,749559.059
510050.SH,20100608,1.867,1.868,1.881,1.845,1.859,-0.008,-0.4285,3306224.11,617022.348
510050.SH,20100609,1.859,1.87,1.928,1.843,1.921,0.062,3.3351,9092637.47,1724287.997
510050.SH,20100610,1.921,1.902,1.906,1.886,1.89,-0.031,-1.6137,5079873.22,963718.485
510050.SH,20100611,1.89,1.899,1.918,1.894,1.897,0.007,0.3704,4269637.45,813479.735
510050.SH,20100617,1.897,1.911,1.916,1.895,1.896,-0.001,-0.0527,3385910.94,645743.269
510050.SH,20100618,1.896,1.893,1.915,1.876,1.88,-0.016,-0.8439,3589891.17,682096.628
510050.SH,20100621,1.88,1.891,1.956,1.885,1.948,0.068,3.617,7588459.28,1461510.297
510050.SH,20100622,1.948,1.94,1.953,1.937,1.945,-0.003,-0.154,3130345.85,608561.277
510050.SH,20100623,1.945,1.936,1.947,1.91,1.926,-0.019,-0.9769,3327786.14,641230.931
510050.SH,20100624,1.926,1.926,1.954,1.919,1.937,0.011,0.5711,3456186.73,669254.155
510050.SH,20100625,1.937,1.924,1.943,1.919,1.931,-0.006,-0.3098,3782429.18,729895.168
510050.SH,20100628,1.931,1.928,1.953,1.925,1.932,0.001,0.0518,3040911.29,589189.836
510050.SH,20100629,1.932,1.935,1.938,1.851,1.853,-0.079,-4.089,5879085.68,1110298.594
510050.SH,20100630,1.853,1.844,1.849,1.83,1.835,-0.018,-0.9714,4879007.62,897899.196
510050.SH,20100701,1.835,1.832,1.847,1.818,1.823,-0.012,-0.654,3836843.6,703882.146
510050.SH,20100702,1.823,1.824,1.842,1.795,1.837,0.014,0.768,5960439.58,1085179.842
510050.SH,20100705,1.837,1.818,1.837,1.797,1.819,-0.018,-0.9799,5157921.63,937433.578
510050.SH,20100706,1.819,1.815,1.85,1.813,1.849,0.03,1.6493,5923918.16,1088874.963
510050.SH,20100707,1.849,1.848,1.851,1.834,1.85,0.001,0.0541,3791664.04,698797.301
510050.SH,20100708,1.85,1.86,1.872,1.847,1.855,0.005,0.2703,3744394.26,696281.224
510050.SH,20100709,1.855,1.856,1.91,1.843,1.897,0.042,2.2642,5154950.48,971233.123
510050.SH,20100712,1.897,1.894,1.92,1.884,1.908,0.011,0.5799,4189544.58,798711.169
510050.SH,20100713,1.908,1.888,1.888,1.866,1.879,-0.029,-1.5199,3881148.29,729007.143
510050.SH,20100714,1.879,1.885,1.914,1.882,1.891,0.012,0.6386,4075068.51,772906.186
510050.SH,20100715,1.891,1.895,1.914,1.859,1.861,-0.03,-1.5865,4081152.01,770848.961
510050.SH,20100716,1.861,1.854,1.864,1.838,1.858,-0.003,-0.1612,3003036.97,555827.245
510050.SH,20100719,1.858,1.846,1.914,1.842,1.902,0.044,2.3681,4859904.43,912788.445
510050.SH,20100720,1.902,1.905,1.94,1.903,1.936,0.034,1.7876,5083045.65,979731.572
510050.SH,20100721,1.936,1.936,1.947,1.927,1.936,0.0,0.0,4208853.67,815371.291
510050.SH,20100722,1.936,1.93,1.961,1.927,1.959,0.023,1.188,3914225.34,762657.72
510050.SH,20100723,1.959,1.961,1.981,1.958,1.971,0.012,0.6126,4630919.0,911009.012
510050.SH,20100726,1.971,1.972,1.98,1.956,1.974,0.003,0.1522,3225914.12,635914.667
510050.SH,20100727,1.974,1.966,1.974,1.958,1.962,-0.012,-0.6079,2589743.87,508951.671
510050.SH,20100728,1.962,1.961,2.02,1.958,2.018,0.056,2.8542,6033573.36,1205355.356
510050.SH,20100729,2.018,2.017,2.034,2.011,2.021,0.003,0.1487,4638185.61,938186.457
510050.SH,20100730,2.021,2.016,2.021,2.005,2.016,-0.005,-0.2474,3020849.19,608278.636
510050.SH,20100802,2.016,2.016,2.054,2.015,2.049,0.033,1.6369,4743555.76,966217.112
510050.SH,20100803,2.049,2.049,2.053,2.004,2.005,-0.044,-2.1474,5456084.91,1110290.239
510050.SH,20100804,2.005,2.007,2.025,1.98,2.012,0.007,0.3491,6292554.71,1261623.756
510050.SH,20100805,2.012,2.008,2.011,1.971,1.983,-0.029,-1.4414,3699459.49,736103.311
510050.SH,20100806,1.983,1.978,2.016,1.967,2.014,0.031,1.5633,4582828.37,913859.456
510050.SH,20100809,2.014,2.005,2.025,1.999,2.016,0.002,0.0993,3961396.64,796772.247
510050.SH,20100810,2.016,2.016,2.024,1.965,1.966,-0.05,-2.4802,4932371.19,982673.42
510050.SH,20100811,1.966,1.967,1.984,1.957,1.968,0.002,0.1017,3717748.57,731861.377
510050.SH,20100812,1.968,1.955,1.971,1.94,1.945,-0.023,-1.1687,3137138.16,613249.611
510050.SH,20100813,1.945,1.944,1.965,1.933,1.961,0.016,0.8226,3547661.68,691492.107
510050.SH,20100816,1.961,1.953,2.008,1.947,2.004,0.043,2.1928,4092732.02,811230.525
510050.SH,20100817,2.004,2.006,2.019,1.997,2.014,0.01,0.499,4167304.14,837351.125
510050.SH,20100818,2.014,2.014,2.035,2.003,2.005,-0.009,-0.4469,4031660.51,813365.577
510050.SH,20100819,2.005,2.006,2.043,2.003,2.026,0.021,1.0474,4763681.75,964863.267
510050.SH,20100820,2.026,2.019,2.032,1.996,1.998,-0.028,-1.382,4672866.03,940341.107
510050.SH,20100823,1.998,1.993,2.016,1.984,1.993,-0.005,-0.2503,3008668.61,602034.438
510050.SH,20100824,1.993,1.988,2.015,1.97,1.99,-0.003,-0.1505,4344020.21,865926.712
510050.SH,20100825,1.99,1.976,1.989,1.944,1.949,-0.041,-2.0603,3958701.62,777578.538
510050.SH,20100826,1.949,1.955,1.963,1.938,1.944,-0.005,-0.2565,3584089.32,698618.651
510050.SH,20100827,1.944,1.942,1.951,1.936,1.948,0.004,0.2058,2215790.95,430760.802
510050.SH,20100830,1.948,1.961,1.983,1.956,1.974,0.026,1.3347,3780903.02,745787.933
510050.SH,20100831,1.974,1.964,1.967,1.949,1.955,-0.019,-0.9625,2582987.35,505577.722
510050.SH,20100901,1.955,1.958,1.983,1.936,1.948,-0.007,-0.3581,4482849.75,878516.569
510050.SH,20100902,1.948,1.971,1.975,1.96,1.967,0.019,0.9754,3791904.8,745922.532
510050.SH,20100903,1.967,1.969,1.971,1.945,1.959,-0.008,-0.4067,3622649.62,708805.371
510050.SH,20100906,1.959,1.971,2.011,1.969,2.01,0.051,2.6034,5202582.79,1036729.538
510050.SH,20100907,2.01,2.01,2.017,1.993,2.004,-0.006,-0.2985,2992689.96,599763.595
510050.SH,20100908,2.004,1.993,1.998,1.976,1.988,-0.016,-0.7984,2489716.64,494142.962
510050.SH,20100909,1.988,1.987,1.988,1.942,1.951,-0.037,-1.8612,3124799.36,612990.5
510050.SH,20100910,1.951,1.95,1.958,1.93,1.947,-0.004,-0.205,3310231.09,642970.052
510050.SH,20100913,1.947,1.945,1.97,1.938,1.956,0.009,0.4622,3809717.01,743256.02
510050.SH,20100914,1.956,1.964,1.971,1.951,1.956,0.0,0.0,3240119.85,635497.178
510050.SH,20100915,1.956,1.956,1.956,1.92,1.923,-0.033,-1.6871,2973526.3,575908.994
510050.SH,20100916,1.923,1.922,1.927,1.877,1.893,-0.03,-1.5601,3875978.3,735854.892
510050.SH,20100917,1.893,1.897,1.903,1.888,1.891,-0.002,-0.1057,1971986.64,373420.533
510050.SH,20100920,1.891,1.892,1.907,1.88,1.897,0.006,0.3173,2302257.36,436679.49
510050.SH,20100921,1.897,1.903,1.908,1.891,1.898,0.001,0.0527,1387218.96,263492.831
510050.SH,20100927,1.898,1.905,1.92,1.9,1.914,0.016,0.843,1959700.13,373907.971
510050.SH,20100928,1.914,1.909,1.915,1.896,1.897,-0.017,-0.8882,4365711.79,832391.71
510050.SH,20100929,1.897,1.894,1.925,1.892,1.903,0.006,0.3163,2527330.08,483254.177
510050.SH,20100930,1.903,1.894,1.949,1.89,1.948,0.045,2.3647,3317030.85,641118.756
510050.SH,20101008,1.948,1.969,2.037,1.964,2.026,0.078,4.0041,8761856.98,1766050.758
510050.SH,20101011,2.026,2.037,2.122,2.037,2.101,0.075,3.7019,10767735.22,2248367.381
510050.SH,20101012,2.101,2.098,2.128,2.084,2.126,0.025,1.1899,5517757.67,1163400.814
510050.SH,20101013,2.126,2.131,2.162,2.121,2.16,0.034,1.5992,6973333.19,1495499.032
510050.SH,20101014,2.16,2.185,2.233,2.182,2.189,0.029,1.3426,9774964.6,2156006.731
510050.SH,20101015,2.189,2.18,2.3,2.178,2.278,0.089,4.0658,12955627.71,2906339.498
510050.SH,20101018,2.278,2.299,2.35,2.262,2.264,-0.014,-0.6146,15229469.73,3509399.543
510050.SH,20101019,2.264,2.262,2.309,2.245,2.307,0.043,1.8993,10732691.86,2439368.445
510050.SH,20101020,2.307,2.287,2.344,2.262,2.306,-0.001,-0.0433,15253882.75,3510123.332
510050.SH,20101021,2.306,2.311,2.32,2.252,2.268,-0.038,-1.6479,7822056.86,1785529.965
510050.SH,20101022,2.268,2.262,2.282,2.236,2.256,-0.012,-0.5291,5660443.76,1279288.389
510050.SH,20101025,2.256,2.256,2.325,2.233,2.324,0.068,3.0142,6524032.26,1490258.504
510050.SH,20101026,2.324,2.33,2.336,2.28,2.294,-0.03,-1.2909,6253113.44,1444285.663
510050.SH,20101027,2.294,2.28,2.318,2.244,2.246,-0.048,-2.0924,6983420.33,1592069.793
510050.SH,20101028,2.246,2.243,2.265,2.23,2.247,0.001,0.0445,4927050.44,1106856.679
510050.SH,20101029,2.247,2.249,2.255,2.204,2.214,-0.033,-1.4686,6139576.01,1365578.206
510050.SH,20101101,2.214,2.221,2.27,2.221,2.268,0.054,2.439,5778768.0,1302241.492
510050.SH,20101102,2.268,2.268,2.292,2.235,2.256,-0.012,-0.5291,5427896.55,1227968.287
510050.SH,20101103,2.256,2.256,2.285,2.231,2.251,-0.005,-0.2216,8851912.23,2002039.622
510050.SH,20101104,2.251,2.252,2.286,2.252,2.279,0.028,1.2439,6315725.57,1434579.795
510050.SH,20101105,2.279,2.326,2.35,2.285,2.303,0.024,1.0531,4815341.57,1111918.952
510050.SH,20101108,2.303,2.308,2.321,2.291,2.311,0.008,0.3474,5078203.03,1171340.202
510050.SH,20101109,2.311,2.309,2.31,2.267,2.278,-0.033,-1.428,4824500.74,1103446.418
510050.SH,20101110,2.278,2.263,2.266,2.232,2.244,-0.034,-1.4925,5822104.72,1307031.551
510050.SH,20101111,2.244,2.25,2.302,2.242,2.273,0.029,1.2923,7660028.69,1741143.755
510050.SH,20101112,2.273,2.26,2.271,2.149,2.15,-0.123,-5.4114,9968926.83,2203228.431
510050.SH,20101115,2.15,2.16,2.168,2.107,2.141,-0.009,-0.4186,7739761.22,1646741.096
510050.SH,20101116,2.115,2.102,2.106,2.017,2.02,-0.095,-4.4917,6790646.14,1398505.273
510050.SH,20101117,2.02,2.002,2.034,1.986,2.001,-0.019,-0.9406,8127281.37,1636182.95
510050.SH,20101118,2.001,2.021,2.036,2.0,2.024,0.023,1.1494,5598051.38,1130710.264
510050.SH,20101119,2.024,2.034,2.036,1.965,2.027,0.003,0.1482,5777401.55,1156034.335
510050.SH,20101122,2.027,2.009,2.024,1.995,2.005,-0.022,-1.0853,5395525.98,1084962.952
510050.SH,20101123,2.005,1.992,1.995,1.938,1.964,-0.041,-2.0449,6781645.52,1329721.213
510050.SH,20101124,1.964,1.964,2.018,1.964,2.005,0.041,2.0876,5847707.96,1170723.949
510050.SH,20101125,2.005,2.015,2.037,1.994,2.035,0.03,1.4963,5961879.64,1204108.162
510050.SH,20101126,2.035,2.026,2.037,2.005,2.013,-0.022,-1.0811,4368199.09,881225.192
510050.SH,20101129,2.013,2.01,2.018,1.991,2.007,-0.006,-0.2981,3271618.98,655731.275
510050.SH,20101130,2.007,2.006,2.015,1.94,1.977,-0.03,-1.4948,6600923.03,1301848.749
510050.SH,20101201,1.977,1.969,1.988,1.963,1.978,0.001,0.0506,3355812.96,663480.328
510050.SH,20101202,1.978,2.01,2.015,1.989,1.993,0.015,0.7583,3747387.15,751645.315
510050.SH,20101203,1.993,1.998,2.009,1.989,2.001,0.008,0.4014,3854803.81,770562.704
510050.SH,20101206,2.001,2.01,2.032,2.006,2.027,0.026,1.2994,4843421.5,977836.169
510050.SH,20101207,2.027,2.021,2.053,1.994,2.038,0.011,0.5427,4651442.72,940404.13
510050.SH,20101208,2.038,2.033,2.046,2.011,2.013,-0.025,-1.2267,3497617.73,709120.169
510050.SH,20101209,2.013,2.004,2.019,1.988,1.992,-0.021,-1.0432,2855650.74,572192.62
510050.SH,20101210,1.992,1.981,2.022,1.98,2.015,0.023,1.1546,3421433.21,684644.995
510050.SH,20101213,2.015,2.022,2.072,2.019,2.07,0.055,2.7295,4420587.46,903232.604
510050.SH,20101214,2.07,2.076,2.08,2.059,2.063,-0.007,-0.3382,3154333.15,652714.546
510050.SH,20101215,2.063,2.064,2.07,2.048,2.05,-0.013,-0.6302,2778846.08,572216.329
510050.SH,20101216,2.05,2.048,2.053,2.03,2.031,-0.019,-0.9268,2421549.36,494445.866
510050.SH,20101217,2.031,2.031,2.035,2.02,2.027,-0.004,-0.1969,1854486.08,375839.869
510050.SH,20101220,2.027,2.033,2.041,1.965,1.993,-0.034,-1.6774,4483724.59,894404.29
510050.SH,20101221,1.993,1.997,2.054,1.992,2.044,0.051,2.559,5629472.44,1141355.736
510050.SH,20101222,2.044,2.047,2.052,2.007,2.015,-0.029,-1.4188,2848363.18,579118.65
510050.SH,20101223,2.015,2.018,2.043,2.006,2.012,-0.003,-0.1489,3540567.81,715827.815
510050.SH,20101224,2.012,2.0,2.021,1.99,2.007,-0.005,-0.2485,4346177.36,873032.911
510050.SH,20101227,2.007,2.022,2.041,1.968,1.972,-0.035,-1.7439,3835405.69,770861.96
510050.SH,20101228,1.972,1.969,1.974,1.947,1.948,-0.024,-1.217,3974093.8,780128.331
510050.SH,20101229,1.948,1.95,1.953,1.933,1.948,0.0,0.0,2460023.44,477699.376
510050.SH,20101230,1.948,1.949,1.952,1.922,1.937,-0.011,-0.5647,2865501.82,555724.675
510050.SH,20101231,1.937,1.941,1.969,1.94,1.968,0.031,1.6004,3404700.04,666077.239
510050.SH,20110104,1.968,1.987,2.018,1.978,2.009,0.041,2.0833,3270052.56,653661.574
510050.SH,20110105,2.009,1.997,2.006,1.989,1.993,-0.016,-0.7964,2975378.64,593870.198
510050.SH,20110106,1.993,1.995,2.005,1.973,1.98,-0.013,-0.6523,2769546.52,549874.764
510050.SH,20110107,1.98,1.98,2.031,1.966,2.0,0.02,1.0101,5507308.23,1103163.092
510050.SH,20110110,2.0,1.998,2.014,1.971,1.973,-0.027,-1.35,3589159.2,714254.727
510050.SH,20110111,1.973,1.969,1.998,1.965,1.994,0.021,1.0644,3460248.41,685399.28
510050.SH,20110112,1.994,1.999,2.016,1.984,2.01,0.016,0.8024,3240602.23,648456.157
510050.SH,20110113,2.01,2.017,2.02,2.003,2.008,-0.002,-0.0995,2468333.76,496609.628
510050.SH,20110114,2.008,2.0,2.003,1.975,1.976,-0.032,-1.5936,2663104.85,528962.648
510050.SH,20110117,1.976,1.966,1.975,1.907,1.912,-0.064,-3.2389,5518198.2,1069924.492
510050.SH,20110118,1.912,1.909,1.925,1.903,1.92,0.008,0.4184,3063260.53,585975.31
510050.SH,20110119,1.92,1.921,1.949,1.91,1.948,0.028,1.4583,2692448.12,519892.368
510050.SH,20110120,1.948,1.942,1.942,1.891,1.893,-0.055,-2.8234,3191707.65,611280.244
510050.SH,20110121,1.893,1.89,1.954,1.89,1.918,0.025,1.3207,5069162.13,975857.571
510050.SH,20110124,1.918,1.921,1.933,1.903,1.905,-0.013,-0.6778,3182100.27,609889.201
510050.SH,20110125,1.905,1.905,1.918,1.897,1.907,0.002,0.105,3276598.4,624947.849
510050.SH,20110126,1.907,1.909,1.925,1.906,1.923,0.016,0.839,2182242.26,418226.463
510050.SH,20110127,1.923,1.908,1.95,1.897,1.943,0.02,1.04,3897825.28,752122.386
510050.SH,20110128,1.943,1.94,1.945,1.925,1.938,-0.005,-0.2573,2487978.42,481597.29
510050.SH,20110131,1.938,1.937,1.959,1.936,1.956,0.018,0.9288,2098646.87,409078.622
510050.SH,20110201,1.956,1.959,1.967,1.953,1.964,0.008,0.409,1849888.42,362729.522
510050.SH,20110209,1.964,1.95,1.97,1.935,1.936,-0.028,-1.4257,2800716.63,546426.385
510050.SH,20110210,1.936,1.937,1.972,1.929,1.969,0.033,1.7045,3241989.84,632883.55
510050.SH,20110211,1.969,1.964,1.976,1.96,1.968,-0.001,-0.0508,2323059.54,457298.507
510050.SH,20110214,1.968,1.97,2.049,1.97,2.041,0.073,3.7093,6377369.69,1286345.985
510050.SH,20110215,2.041,2.045,2.065,2.034,2.038,-0.003,-0.147,5365600.94,1099089.403
510050.SH,20110216,2.038,2.036,2.044,2.019,2.043,0.005,0.2453,2620096.56,532048.891
510050.SH,20110217,2.043,2.047,2.059,2.026,2.04,-0.003,-0.1468,2909423.93,594002.081
510050.SH,20110218,2.04,2.034,2.039,2.017,2.023,-0.017,-0.8333,2670631.8,541336.861
510050.SH,20110221,2.023,2.012,2.042,2.012,2.041,0.018,0.8898,2652855.89,537653.255
510050.SH,20110222,2.041,2.041,2.043,1.984,1.986,-0.055,-2.6948,5125313.4,1026427.422
510050.SH,20110223,1.986,1.98,1.99,1.976,1.986,0.0,0.0,2960572.14,587241.399
510050.SH,20110224,1.986,1.984,2.0,1.978,1.993,0.007,0.3525,2083827.4,414479.917
510050.SH,20110225,1.993,1.994,2.009,1.978,1.997,0.004,0.2007,3198576.44,637985.827
510050.SH,20110228,1.997,1.997,2.015,1.981,2.01,0.013,0.651,2728981.33,545311.69
510050.SH,20110301,2.01,2.01,2.039,2.008,2.024,0.014,0.6965,3512534.26,710134.995
510050.SH,20110302,2.024,2.014,2.041,2.011,2.031,0.007,0.3458,4121846.25,834729.334
510050.SH,20110303,2.031,2.034,2.075,2.032,2.042,0.011,0.5416,6256426.08,1285043.323
510050.SH,20110304,2.042,2.044,2.076,2.04,2.074,0.032,1.5671,3608093.17,741902.359
510050.SH,20110307,2.074,2.078,2.122,2.078,2.114,0.04,1.9286,5494813.76,1156439.911
510050.SH,20110308,2.114,2.111,2.125,2.099,2.111,-0.003,-0.1419,3048962.25,644090.974
510050.SH,20110309,2.111,2.117,2.129,2.104,2.109,-0.002,-0.0947,3087730.79,653813.685
510050.SH,20110310,2.109,2.101,2.102,2.061,2.064,-0.045,-2.1337,3698803.03,768004.369
510050.SH,20110311,2.064,2.058,2.067,2.032,2.038,-0.026,-1.2597,3377053.57,693630.736
510050.SH,20110314,2.038,2.038,2.048,2.029,2.042,0.004,0.1963,3262411.18,665469.678
510050.SH,20110315,2.042,2.031,2.041,1.98,2.008,-0.034,-1.665,4482528.55,897867.83
510050.SH,20110316,2.008,2.014,2.044,2.011,2.039,0.031,1.5438,3408120.59,690391.467
510050.SH,20110317,2.039,2.02,2.037,2.003,2.013,-0.026,-1.2751,2921769.48,590094.214
510050.SH,20110318,2.013,2.031,2.038,2.02,2.025,0.012,0.5961,2309983.93,468644.552
510050.SH,20110321,2.025,2.034,2.041,2.018,2.026,0.001,0.0494,2614457.53,530469.518
510050.SH,20110322,2.026,2.034,2.05,2.01,2.046,0.02,0.9872,3583402.74,729893.164
510050.SH,20110323,2.046,2.042,2.073,2.037,2.072,0.026,1.2708,3272440.44,673808.094
510050.SH,20110324,2.072,2.071,2.072,2.053,2.056,-0.016,-0.7722,1854775.09,382710.853
510050.SH,20110325,2.056,2.063,2.099,2.058,2.089,0.033,1.6051,6830342.75,1423600.911
510050.SH,20110328,2.089,2.098,2.117,2.09,2.092,0.003,0.1436,3559783.21,749655.642
510050.SH,20110329,2.092,2.091,2.118,2.084,2.086,-0.006,-0.2868,4641498.98,974839.132
510050.SH,20110330,2.086,2.086,2.1,2.075,2.091,0.005,0.2397,4159637.2,869539.258
510050.SH,20110331,2.091,2.092,2.097,2.067,2.074,-0.017,-0.813,2689862.54,559584.663
510050.SH,20110401,2.074,2.074,2.118,2.074,2.117,0.043,2.0733,3712828.88,777360.341
510050.SH,20110406,2.117,2.116,2.169,2.115,2.163,0.046,2.1729,5596152.17,1203874.898
510050.SH,20110407,2.163,2.166,2.178,2.155,2.162,-0.001,-0.0462,2871106.29,621367.145
510050.SH,20110408,2.162,2.163,2.177,2.156,2.175,0.013,0.6013,2788411.82,604821.365
510050.SH,20110411,2.175,2.18,2.201,2.162,2.164,-0.011,-0.5057,3597690.82,785997.219
510050.SH,20110412,2.164,2.157,2.168,2.142,2.151,-0.013,-0.6007,2864755.05,617949.7
510050.SH,20110413,2.151,2.141,2.192,2.135,2.19,0.039,1.8131,3709388.49,800274.222
510050.SH,20110414,2.19,2.191,2.197,2.173,2.176,-0.014,-0.6393,3886085.34,850230.764
510050.SH,20110415,2.176,2.17,2.205,2.165,2.189,0.013,0.5974,5754661.41,1256897.617
510050.SH,20110418,2.189,2.175,2.201,2.173,2.188,-0.001,-0.0457,4606942.63,1008800.94
510050.SH,20110419,2.188,2.177,2.178,2.138,2.14,-0.048,-2.1938,3868357.47,834041.424
510050.SH,20110420,2.14,2.143,2.152,2.125,2.133,-0.007,-0.3271,2511599.33,537037.611
510050.SH,20110421,2.133,2.147,2.162,2.14,2.148,0.015,0.7032,2112787.91,454433.557
510050.SH,20110422,2.148,2.148,2.159,2.134,2.142,-0.006,-0.2793,1659568.14,355933.236
510050.SH,20110425,2.142,2.139,2.139,2.114,2.116,-0.026,-1.2138,4224040.34,897436.856
510050.SH,20110426,2.116,2.112,2.125,2.103,2.109,-0.007,-0.3308,3061206.75,647253.232
510050.SH,20110427,2.109,2.118,2.128,2.09,2.103,-0.006,-0.2845,4031562.26,851937.273
510050.SH,20110428,2.103,2.115,2.14,2.101,2.108,0.005,0.2378,5120982.14,1085091.571
510050.SH,20110429,2.108,2.106,2.108,2.076,2.103,-0.005,-0.2372,4859718.52,1017048.539
510050.SH,20110503,2.103,2.1,2.105,2.081,2.102,-0.001,-0.0476,3745780.2,785571.734
510050.SH,20110504,2.102,2.09,2.093,2.04,2.042,-0.06,-2.8544,4196392.54,865781.866
510050.SH,20110505,2.042,2.039,2.044,2.024,2.037,-0.005,-0.2449,3331552.07,678052.267
510050.SH,20110506,2.037,2.02,2.041,2.014,2.025,-0.012,-0.5891,3332765.38,674744.11
510050.SH,20110509,2.025,2.03,2.039,2.016,2.023,-0.002,-0.0988,1602935.31,325180.386
510050.SH,20110510,2.023,2.026,2.045,2.021,2.044,0.021,1.0381,2361397.15,480910.302
510050.SH,20110511,2.044,2.043,2.05,2.03,2.037,-0.007,-0.3425,1782825.1,363868.559
510050.SH,20110512,2.037,2.025,2.033,2.007,2.008,-0.029,-1.4237,2291256.04,463525.769
510050.SH,20110513,2.008,2.015,2.032,2.0,2.031,0.023,1.1454,4036686.12,812682.544
510050.SH,20110516,2.031,2.02,2.034,2.005,2.005,-0.026,-1.2802,2324891.75,469741.58
510050.SH,20110517,2.005,2.006,2.035,1.999,2.022,0.017,0.8479,3246608.69,655490.555
510050.SH,20110518,2.022,2.018,2.046,2.015,2.041,0.019,0.9397,3017268.76,614249.66
510050.SH,20110519,2.041,2.044,2.052,2.032,2.033,-0.008,-0.392,1862852.97,380488.675
510050.SH,20110520,2.033,2.031,2.047,2.031,2.039,0.006,0.2951,1608604.13,328181.06
510050.SH,20110523,2.039,2.035,2.036,1.978,1.981,-0.058,-2.8445,3594129.35,718651.044
510050.SH,20110524,1.981,1.981,1.988,1.977,1.982,0.001,0.0505,2463750.86,488307.278
510050.SH,20110525,1.982,1.98,1.985,1.959,1.961,-0.021,-1.0595,1874155.86,369596.727
510050.SH,20110526,1.961,1.974,1.979,1.963,1.965,0.004,0.204,2307239.1,455001.17
510050.SH,20110527,1.965,1.968,1.984,1.964,1.968,0.003,0.1527,3353594.96,661302.603
510050.SH,20110530,1.968,1.964,1.98,1.954,1.97,0.002,0.1016,2969728.94,585130.93
510050.SH,20110531,1.97,1.97,2.0,1.967,1.998,0.028,1.4213,3484381.23,690149.302
510050.SH,20110601,1.998,1.992,1.994,1.984,1.99,-0.008,-0.4004,2749798.39,547157.078
510050.SH,20110602,1.99,1.979,1.98,1.935,1.951,-0.039,-1.9598,3341204.56,654489.964
510050.SH,20110603,1.951,1.95,1.969,1.946,1.966,0.015,0.7688,2462273.34,482988.228
510050.SH,20110607,1.966,1.96,1.975,1.957,1.973,0.007,0.3561,1737026.65,341427.398
510050.SH,20110608,1.973,1.975,1.976,1.947,1.971,-0.002,-0.1014,1822315.43,357222.937
510050.SH,20110609,1.971,1.966,1.969,1.94,1.942,-0.029,-1.4713,1796970.53,351212.574
510050.SH,20110610,1.942,1.942,1.951,1.927,1.947,0.005,0.2575,2301401.19,446555.829
510050.SH,20110613,1.947,1.935,1.948,1.924,1.941,-0.006,-0.3082,2301005.22,445113.811
510050.SH,20110614,1.941,1.936,1.974,1.936,1.966,0.025,1.288,2682365.83,526442.9
510050.SH,20110615,1.966,1.965,1.97,1.952,1.953,-0.013,-0.6612,1639751.83,321598.109
510050.SH,20110616,1.953,1.941,1.944,1.929,1.93,-0.023,-1.1777,1808399.85,349988.435
510050.SH,20110617,1.93,1.929,1.938,1.916,1.917,-0.013,-0.6736,2633882.78,508135.362
510050.SH,20110620,1.917,1.915,1.919,1.9,1.909,-0.008,-0.4173,2579290.84,492850.768
510050.SH,20110621,1.909,1.914,1.926,1.911,1.925,0.016,0.8381,2517652.58,483084.689
510050.SH,20110622,1.925,1.926,1.943,1.917,1.924,-0.001,-0.0519,2411586.11,464845.294
510050.SH,20110623,1.924,1.92,1.965,1.918,1.956,0.032,1.6632,2993370.7,581415.673
510050.SH,20110624,1.956,1.954,2.016,1.949,2.001,0.045,2.3006,4985093.07,989727.824
510050.SH,20110627,2.001,1.997,2.012,1.99,1.997,-0.004,-0.1999,2247320.41,449847.788
510050.SH,20110628,1.997,2.003,2.004,1.982,1.997,0.0,0.0,2390127.11,476141.482
510050.SH,20110629,1.997,1.997,1.998,1.963,1.964,-0.033,-1.6525,1961966.03,388796.548
510050.SH,20110630,1.964,1.968,2.01,1.968,1.998,0.034,1.7312,3746783.07,747746.63
510050.SH,20110701,1.998,2.001,2.011,1.988,1.995,-0.003,-0.1502,1882240.03,376173.248
510050.SH,20110704,1.995,2.007,2.049,2.007,2.048,0.053,2.6566,4154892.47,844925.454
510050.SH,20110705,2.048,2.046,2.05,2.031,2.039,-0.009,-0.4395,2152954.54,438966.28
510050.SH,20110706,2.039,2.036,2.036,2.011,2.026,-0.013,-0.6376,2145618.99,433745.235
510050.SH,20110707,2.026,2.04,2.05,2.016,2.018,-0.008,-0.3949,2740925.49,557535.939
510050.SH,20110708,2.018,2.02,2.037,2.014,2.027,0.009,0.446,2566631.24,519808.516
510050.SH,20110711,2.027,2.019,2.027,2.01,2.021,-0.006,-0.296,1728510.91,349058.334
510050.SH,20110712,2.021,2.012,2.012,1.979,1.98,-0.041,-2.0287,2322503.7,462188.178
510050.SH,20110713,1.98,1.984,2.015,1.984,2.009,0.029,1.4646,3035411.52,608491.141
510050.SH,20110714,2.009,2.012,2.025,2.006,2.016,0.007,0.3484,1428670.92,287893.915
510050.SH,20110715,2.016,2.014,2.026,2.001,2.021,0.005,0.248,1700338.89,342588.497
510050.SH,20110718,2.021,2.022,2.027,2.008,2.014,-0.007,-0.3464,1315131.68,265183.493
510050.SH,20110719,2.014,2.006,2.008,1.996,2.0,-0.014,-0.6951,1372164.57,274729.301
510050.SH,20110720,2.0,2.011,2.012,1.988,1.995,-0.005,-0.25,1729563.84,345474.024
510050.SH,20110721,1.995,1.997,2.004,1.972,1.973,-0.022,-1.1028,2520797.07,499592.965
510050.SH,20110722,1.973,1.976,1.987,1.973,1.976,0.003,0.1521,1300353.95,257407.509
510050.SH,20110725,1.976,1.966,1.968,1.918,1.923,-0.053,-2.6822,2229284.09,433015.644
510050.SH,20110726,1.923,1.922,1.932,1.919,1.927,0.004,0.208,1283007.59,247242.238
510050.SH,20110727,1.927,1.919,1.933,1.913,1.931,0.004,0.2076,1964964.56,378540.23
510050.SH,20110728,1.931,1.912,1.921,1.902,1.913,-0.018,-0.9322,1439337.9,275039.626
510050.SH,20110729,1.913,1.917,1.942,1.9,1.925,0.012,0.6273,2853193.23,547327.675
510050.SH,20110801,1.925,1.924,1.934,1.914,1.926,0.001,0.0519,1132155.23,218064.0
510050.SH,20110802,1.926,1.911,1.913,1.891,1.909,-0.017,-0.8827,2620447.88,498015.028
510050.SH,20110803,1.909,1.893,1.917,1.891,1.907,-0.002,-0.1048,1529581.62,291444.726
510050.SH,20110804,1.907,1.912,1.927,1.907,1.908,0.001,0.0524,913953.0,175167.612
510050.SH,20110805,1.908,1.866,1.878,1.86,1.868,-0.04,-2.0964,3099408.53,579614.81
510050.SH,20110808,1.868,1.856,1.865,1.786,1.809,-0.059,-3.1585,4679573.71,852953.306
510050.SH,20110809,1.809,1.77,1.824,1.755,1.817,0.008,0.4422,5060305.27,905382.927
510050.SH,20110810,1.817,1.842,1.85,1.822,1.829,0.012,0.6604,2876933.96,528815.27
510050.SH,20110811,1.829,1.801,1.857,1.799,1.854,0.025,1.3669,3004736.07,551509.533
510050.SH,20110812,1.854,1.858,1.863,1.846,1.848,-0.006,-0.3236,2604183.35,483175.913
510050.SH,20110815,1.848,1.853,1.891,1.846,1.889,0.041,2.2186,3205416.06,599853.506
510050.SH,20110816,1.889,1.88,1.9,1.871,1.875,-0.014,-0.7411,2165192.96,408360.8
510050.SH,20110817,1.875,1.878,1.888,1.868,1.868,-0.007,-0.3733,1825158.13,342574.85
510050.SH,20110818,1.868,1.872,1.873,1.832,1.835,-0.033,-1.7666,2800574.99,519359.58
510050.SH,20110819,1.835,1.808,1.825,1.804,1.82,-0.015,-0.8174,3027936.55,549784.307
510050.SH,20110822,1.82,1.821,1.833,1.798,1.803,-0.017,-0.9341,2127554.58,385044.639
510050.SH,20110823,1.803,1.809,1.839,1.803,1.835,0.032,1.7748,2389465.18,435292.134
510050.SH,20110824,1.835,1.837,1.846,1.818,1.821,-0.014,-0.7629,1424266.65,261232.997
510050.SH,20110825,1.821,1.828,1.894,1.824,1.892,0.071,3.899,4833156.54,902600.085
510050.SH,20110826,1.892,1.886,1.893,1.87,1.888,-0.004,-0.2114,3583961.29,674582.168
510050.SH,20110829,1.888,1.865,1.87,1.848,1.851,-0.037,-1.9597,2493361.89,462777.74
510050.SH,20110830,1.851,1.861,1.888,1.844,1.846,-0.005,-0.2701,3332636.8,622684.765
510050.SH,20110831,1.846,1.847,1.862,1.843,1.855,0.009,0.4875,2337441.72,432747.468
510050.SH,20110901,1.855,1.86,1.875,1.85,1.853,-0.002,-0.1078,2740929.02,509616.483
510050.SH,20110902,1.853,1.848,1.856,1.826,1.834,-0.019,-1.0254,2619526.62,480751.762
510050.SH,20110905,1.834,1.823,1.823,1.802,1.804,-0.03,-1.6358,2473921.84,447142.443
510050.SH,20110906,1.804,1.796,1.805,1.787,1.795,-0.009,-0.4989,2594906.6,465847.665
510050.SH,20110907,1.795,1.801,1.831,1.799,1.827,0.032,1.7827,3545849.07,643761.135
510050.SH,20110908,1.827,1.834,1.836,1.815,1.815,-0.012,-0.6568,1823337.27,332769.984
510050.SH,20110909,1.815,1.818,1.844,1.808,1.814,-0.001,-0.0551,2798094.3,510332.408
510050.SH,20110913,1.814,1.792,1.801,1.785,1.797,-0.017,-0.9372,2208081.74,396005.139
510050.SH,20110914,1.797,1.803,1.808,1.77,1.8,0.003,0.1669,3100825.75,555307.529
510050.SH,20110915,1.8,1.8,1.815,1.792,1.793,-0.007,-0.3889,2603255.97,469884.942
510050.SH,20110916,1.793,1.805,1.812,1.795,1.797,0.004,0.2231,1835693.8,331191.098
510050.SH,20110919,1.797,1.787,1.788,1.766,1.766,-0.031,-1.7251,1911679.98,339116.418
510050.SH,20110920,1.766,1.766,1.781,1.758,1.773,0.007,0.3964,2817831.39,498661.585
510050.SH,20110921,1.773,1.77,1.829,1.762,1.822,0.049,2.7637,4853174.59,877104.376
510050.SH,20110922,1.822,1.806,1.811,1.765,1.769,-0.053,-2.9089,3302137.14,589959.756
510050.SH,20110923,1.769,1.742,1.762,1.729,1.755,-0.014,-0.7914,5806967.88,1011040.066
510050.SH,20110926,1.755,1.739,1.758,1.702,1.704,-0.051,-2.906,4466763.26,770232.137
510050.SH,20110927,1.704,1.722,1.736,1.711,1.727,0.023,1.3498,3150240.75,543012.212
510050.SH,20110928,1.727,1.735,1.739,1.705,1.71,-0.017,-0.9844,2663323.96,459464.836
510050.SH,20110929,1.71,1.701,1.718,1.696,1.707,-0.003,-0.1754,3798578.8,648454.284
510050.SH,20110930,1.707,1.709,1.719,1.694,1.703,-0.004,-0.2343,3861283.39,658580.026
510050.SH,20111010,1.703,1.707,1.709,1.685,1.686,-0.017,-0.9982,2550316.01,432198.041
510050.SH,20111011,1.686,1.735,1.737,1.678,1.689,0.003,0.1779,5258885.23,900874.226
510050.SH,20111012,1.689,1.677,1.757,1.673,1.755,0.066,3.9076,8461923.33,1463868.118
510050.SH,20111013,1.755,1.745,1.767,1.74,1.76,0.005,0.2849,4317915.33,758179.049
510050.SH,20111014,1.76,1.756,1.764,1.741,1.761,0.001,0.0568,3017239.8,529399.001
510050.SH,20111017,1.761,1.763,1.786,1.76,1.775,0.014,0.795,4646444.75,824355.194
510050.SH,20111018,1.775,1.76,1.763,1.72,1.723,-0.052,-2.9296,4848410.51,843198.553
510050.SH,20111019,1.723,1.73,1.744,1.722,1.724,0.001,0.058,3429121.74,593622.329
510050.SH,20111020,1.724,1.713,1.716,1.675,1.687,-0.037,-2.1462,4054878.12,686428.501
510050.SH,20111021,1.687,1.691,1.706,1.684,1.692,0.005,0.2964,3755127.65,636723.346
510050.SH,20111024,1.692,1.7,1.751,1.693,1.743,0.051,3.0142,6169298.7,1064991.779
510050.SH,20111025,1.743,1.742,1.775,1.73,1.768,0.025,1.4343,5715338.3,1002324.835
510050.SH,20111026,1.768,1.763,1.799,1.757,1.78,0.012,0.6787,5777281.15,1030959.497
510050.SH,20111027,1.78,1.782,1.794,1.778,1.787,0.007,0.3933,3458928.66,617567.885
510050.SH,20111028,1.787,1.812,1.844,1.81,1.824,0.037,2.0705,6196203.54,1130522.024
510050.SH,20111031,1.824,1.82,1.82,1.798,1.805,-0.019,-1.0417,3863417.0,698516.151
510050.SH,20111101,1.805,1.795,1.833,1.79,1.811,0.006,0.3324,4780558.86,866457.957
510050.SH,20111102,1.811,1.789,1.846,1.782,1.843,0.032,1.767,6206446.05,1119906.392
510050.SH,20111103,1.843,1.846,1.856,1.831,1.833,-0.01,-0.5426,5793664.07,1069176.89
510050.SH,20111104,1.833,1.85,1.859,1.836,1.848,0.015,0.8183,3347697.2,618548.815
510050.SH,20111107,1.848,1.833,1.844,1.821,1.823,-0.025,-1.3528,3011455.1,551213.381
510050.SH,20111108,1.823,1.825,1.839,1.822,1.826,0.003,0.1646,3309190.83,605116.345
510050.SH,20111109,1.826,1.832,1.842,1.812,1.838,0.012,0.6572,3881039.97,708906.533
510050.SH,20111110,1.838,1.824,1.824,1.796,1.798,-0.04,-2.1763,4365370.91,790184.227
510050.SH,20111111,1.798,1.806,1.807,1.789,1.795,-0.003,-0.1669,3022853.87,543831.454
510050.SH,20111114,1.795,1.809,1.835,1.805,1.829,0.034,1.8942,4707303.49,857781.945
510050.SH,20111115,1.829,1.825,1.831,1.815,1.819,-0.01,-0.5467,2711034.49,493840.307
510050.SH,20111116,1.819,1.82,1.821,1.762,1.769,-0.05,-2.7488,5599945.86,1001070.938
510050.SH,20111117,1.769,1.771,1.778,1.76,1.762,-0.007,-0.3957,2861742.4,505747.97
510050.SH,20111118,1.762,1.753,1.758,1.731,1.735,-0.027,-1.5323,3627004.43,631647.326
510050.SH,20111121,1.735,1.737,1.737,1.722,1.735,0.0,0.0,2918447.81,504459.319
510050.SH,20111122,1.735,1.725,1.738,1.72,1.735,0.0,0.0,3360847.63,581740.411
510050.SH,20111123,1.735,1.736,1.738,1.711,1.717,-0.018,-1.0375,4272667.48,735540.054
510050.SH,20111124,1.717,1.707,1.73,1.7,1.718,0.001,0.0582,3738403.17,640914.775
510050.SH,20111125,1.718,1.716,1.722,1.699,1.704,-0.014,-0.8149,3034898.62,518498.242
510050.SH,20111128,1.704,1.709,1.72,1.701,1.71,0.006,0.3521,4355043.15,744950.29
510050.SH,20111129,1.71,1.722,1.731,1.712,1.728,0.018,1.0526,4182038.42,720303.714
510050.SH,20111130,1.728,1.724,1.725,1.672,1.676,-0.052,-3.0093,5982847.26,1010683.022
510050.SH,20111201,1.676,1.726,1.76,1.721,1.727,0.051,3.043,9234948.1,1603355.697
510050.SH,20111202,1.727,1.729,1.729,1.708,1.717,-0.01,-0.579,3592202.4,617168.611
510050.SH,20111205,1.717,1.717,1.725,1.704,1.709,-0.008,-0.4659,4814936.19,825393.507
510050.SH,20111206,1.709,1.705,1.712,1.696,1.704,-0.005,-0.2926,3254516.0,555225.871
510050.SH,20111207,1.704,1.704,1.722,1.702,1.717,0.013,0.7629,3372716.8,577169.371
510050.SH,20111208,1.717,1.715,1.733,1.701,1.716,-0.001,-0.0582,3586190.47,614700.932
510050.SH,20111209,1.716,1.705,1.718,1.704,1.708,-0.008,-0.4662,2836082.25,484487.928
510050.SH,20111212,1.708,1.703,1.708,1.694,1.696,-0.012,-0.7026,3066528.25,521050.221
510050.SH,20111213,1.696,1.69,1.692,1.66,1.662,-0.034,-2.0047,5034212.91,843522.935
510050.SH,20111214,1.662,1.659,1.667,1.65,1.653,-0.009,-0.5415,3090090.05,512697.626
510050.SH,20111215,1.653,1.645,1.649,1.611,1.613,-0.04,-2.4198,5847482.51,953733.674
510050.SH,20111216,1.613,1.614,1.643,1.609,1.641,0.028,1.7359,6177531.88,1003762.665
510050.SH,20111219,1.641,1.627,1.64,1.6,1.637,-0.004,-0.2438,5803096.47,940313.86
510050.SH,20111220,1.637,1.63,1.661,1.629,1.638,0.001,0.0611,5250046.68,864318.374
510050.SH,20111221,1.638,1.651,1.658,1.617,1.617,-0.021,-1.2821,4289260.93,704302.764
510050.SH,20111222,1.617,1.61,1.63,1.599,1.62,0.003,0.1855,5763332.9,930015.43
510050.SH,20111223,1.62,1.616,1.647,1.614,1.632,0.012,0.7407,5438050.87,888675.144
510050.SH,20111226,1.632,1.621,1.638,1.613,1.616,-0.016,-0.9804,2422535.98,392951.218
510050.SH,20111227,1.616,1.614,1.628,1.555,1.606,-0.01,-0.6188,4670962.17,751872.001
510050.SH,20111228,1.606,1.6,1.609,1.586,1.607,0.001,0.0623,3423260.21,547384.35
510050.SH,20111229,1.607,1.601,1.618,1.599,1.609,0.002,0.1245,2729434.56,439072.925
510050.SH,20111230,1.609,1.615,1.634,1.614,1.629,0.02,1.243,2960920.53,481300.937
510050.SH,20120104,1.629,1.641,1.643,1.609,1.61,-0.019,-1.1664,3178954.82,518043.195
510050.SH,20120105,1.61,1.605,1.635,1.603,1.611,0.001,0.0621,6173941.0,1001262.787
510050.SH,20120106,1.611,1.609,1.622,1.604,1.621,0.01,0.6207,4135368.64,666399.111
510050.SH,20120109,1.621,1.625,1.678,1.611,1.677,0.056,3.4547,5824854.39,959966.632
510050.SH,20120110,1.677,1.672,1.723,1.672,1.721,0.044,2.6237,7247760.08,1231729.906
510050.SH,20120111,1.721,1.718,1.726,1.701,1.711,-0.01,-0.5811,4084707.56,699539.345
510050.SH,20120112,1.711,1.704,1.734,1.703,1.717,0.006,0.3507,3722841.48,640240.97
510050.SH,20120113,1.717,1.716,1.724,1.684,1.7,-0.017,-0.9901,3896868.52,663822.841
510050.SH,20120116,1.7,1.692,1.705,1.675,1.677,-0.023,-1.3529,2903249.41,491321.422
510050.SH,20120117,1.677,1.68,1.758,1.664,1.757,0.08,4.7704,7444750.98,1280776.719
510050.SH,20120118,1.757,1.753,1.766,1.725,1.729,-0.028,-1.5936,4555136.4,796294.225
510050.SH,20120119,1.729,1.732,1.773,1.73,1.768,0.039,2.2556,6033836.01,1061498.056
510050.SH,20120120,1.768,1.774,1.797,1.764,1.794,0.026,1.4706,4136222.97,736723.13
510050.SH,20120130,1.794,1.795,1.797,1.76,1.762,-0.032,-1.7837,4320130.5,766493.467
510050.SH,20120131,1.762,1.762,1.772,1.749,1.758,-0.004,-0.227,2868483.04,504909.867
510050.SH,20120201,1.758,1.755,1.767,1.723,1.728,-0.03,-1.7065,2989165.77,521888.888
510050.SH,20120202,1.728,1.733,1.777,1.731,1.777,0.049,2.8356,4750874.75,832168.92
510050.SH,20120203,1.777,1.77,1.796,1.764,1.785,0.008,0.4502,4273086.3,761050.842
510050.SH,20120206,1.785,1.788,1.799,1.767,1.782,-0.003,-0.1681,3352512.93,597813.187
510050.SH,20120207,1.782,1.772,1.772,1.74,1.746,-0.036,-2.0202,4716025.05,825209.811
510050.SH,20120208,1.746,1.746,1.81,1.745,1.799,0.053,3.0355,5446172.32,969122.894
510050.SH,20120209,1.799,1.796,1.803,1.785,1.792,-0.007,-0.3891,5152789.4,925397.066
510050.SH,20120210,1.792,1.787,1.817,1.786,1.793,0.001,0.0558,3638847.2,655177.666
510050.SH,20120213,1.793,1.775,1.802,1.766,1.782,-0.011,-0.6135,4279099.04,763162.441
510050.SH,20120214,1.782,1.782,1.783,1.762,1.772,-0.01,-0.5612,3235444.97,573043.683
510050.SH,20120215,1.772,1.769,1.8,1.766,1.787,0.015,0.8465,4084928.66,729427.49
510050.SH,20120216,1.787,1.788,1.792,1.766,1.775,-0.012,-0.6715,3535735.33,628769.649
510050.SH,20120217,1.775,1.784,1.795,1.77,1.78,0.005,0.2817,3271093.3,582621.689
510050.SH,20120220,1.78,1.806,1.807,1.783,1.784,0.004,0.2247,3647525.41,655514.885
510050.SH,20120221,1.784,1.785,1.794,1.771,1.793,0.009,0.5045,3355491.38,598640.791
510050.SH,20120222,1.793,1.793,1.81,1.787,1.808,0.015,0.8366,3393550.7,610800.013
510050.SH,20120223,1.808,1.808,1.819,1.803,1.812,0.004,0.2212,4826160.49,873404.712
510050.SH,20120224,1.812,1.812,1.843,1.81,1.841,0.029,1.6004,4463463.37,814938.302
510050.SH,20120227,1.841,1.847,1.864,1.842,1.844,0.003,0.163,4227858.0,783721.929
510050.SH,20120228,1.844,1.842,1.858,1.842,1.855,0.011,0.5965,4492727.54,831254.183
510050.SH,20120229,1.855,1.851,1.857,1.835,1.836,-0.019,-1.0243,3163936.6,583119.212
510050.SH,20120301,1.836,1.831,1.851,1.829,1.834,-0.002,-0.1089,1957357.29,359618.993
510050.SH,20120302,1.834,1.836,1.857,1.832,1.856,0.022,1.1996,4122398.67,762066.408
510050.SH,20120305,1.856,1.86,1.863,1.838,1.844,-0.012,-0.6466,2778412.51,514515.846
510050.SH,20120306,1.844,1.841,1.841,1.808,1.809,-0.035,-1.898,5038971.47,915426.909
510050.SH,20120307,1.809,1.797,1.807,1.788,1.79,-0.019,-1.0503,4067957.23,731246.105
510050.SH,20120308,1.79,1.795,1.818,1.795,1.81,0.02,1.1173,3554177.13,642927.334
510050.SH,20120309,1.81,1.817,1.824,1.808,1.823,0.013,0.7182,3656377.49,664555.985
510050.SH,20120312,1.823,1.823,1.824,1.801,1.808,-0.015,-0.8228,2295915.65,415454.303
510050.SH,20120313,1.808,1.811,1.826,1.806,1.825,0.017,0.9403,3617100.69,658726.965
510050.SH,20120314,1.825,1.835,1.845,1.785,1.792,-0.033,-1.8082,6645142.18,1209217.277
510050.SH,20120315,1.792,1.793,1.796,1.774,1.777,-0.015,-0.8371,4652085.62,831600.553
510050.SH,20120316,1.777,1.78,1.791,1.766,1.79,0.013,0.7316,3341347.61,595669.796
510050.SH,20120319,1.79,1.782,1.792,1.771,1.791,0.001,0.0559,3429503.93,611630.288
510050.SH,20120320,1.791,1.788,1.788,1.765,1.766,-0.025,-1.3959,3607295.26,640536.751
510050.SH,20120321,1.766,1.779,1.786,1.765,1.771,0.005,0.2831,5114453.75,907722.943
510050.SH,20120322,1.771,1.771,1.785,1.762,1.774,0.003,0.1694,2672020.56,474003.157
510050.SH,20120323,1.774,1.767,1.773,1.755,1.759,-0.015,-0.8455,2851855.13,502951.011
510050.SH,20120326,1.759,1.759,1.766,1.756,1.763,0.004,0.2274,1800451.19,316859.952
510050.SH,20120327,1.763,1.768,1.772,1.761,1.763,0.0,0.0,2144571.25,378903.423
510050.SH,20120328,1.763,1.759,1.76,1.72,1.725,-0.038,-2.1554,4058289.0,705805.025
510050.SH,20120329,1.725,1.719,1.72,1.697,1.704,-0.021,-1.2174,4089596.67,699257.75
510050.SH,20120330,1.704,1.706,1.72,1.705,1.719,0.015,0.8803,4780235.56,819074.039
510050.SH,20120405,1.719,1.716,1.75,1.703,1.745,0.026,1.5125,4927679.36,853755.475
510050.SH,20120406,1.745,1.742,1.751,1.737,1.749,0.004,0.2292,2653768.62,462831.729
510050.SH,20120409,1.749,1.74,1.746,1.731,1.735,-0.014,-0.8005,1743095.61,302986.696
510050.SH,20120410,1.735,1.732,1.748,1.716,1.747,0.012,0.6916,2873471.84,496782.393
510050.SH,20120411,1.747,1.731,1.759,1.731,1.745,-0.002,-0.1145,2474998.92,432031.761
510050.SH,20120412,1.745,1.747,1.784,1.743,1.783,0.038,2.1777,3884945.36,686197.181
510050.SH,20120413,1.783,1.784,1.797,1.779,1.789,0.006,0.3365,4355286.44,778117.262
510050.SH,20120416,1.789,1.78,1.789,1.774,1.78,-0.009,-0.5031,2916856.07,519617.865
510050.SH,20120417,1.78,1.779,1.784,1.758,1.76,-0.02,-1.1236,2912269.24,515155.109
510050.SH,20120418,1.76,1.763,1.801,1.763,1.8,0.04,2.2727,3391036.14,606325.962
510050.SH,20120419,1.8,1.797,1.807,1.795,1.799,-0.001,-0.0556,2037529.34,367034.437
510050.SH,20120420,1.799,1.797,1.827,1.795,1.826,0.027,1.5008,3740992.36,679713.536
510050.SH,20120423,1.826,1.825,1.829,1.808,1.812,-0.014,-0.7667,2475631.73,450240.112
510050.SH,20120424,1.812,1.808,1.844,1.791,1.819,0.007,0.3863,7045765.12,1279161.388
510050.SH,20120425,1.819,1.818,1.832,1.811,1.828,0.009,0.4948,4016817.0,732786.604
510050.SH,20120426,1.828,1.834,1.841,1.823,1.833,0.005,0.2735,2774176.7,508574.552
510050.SH,20120427,1.833,1.834,1.841,1.831,1.835,0.002,0.1091,3030583.57,556458.433
510050.SH,20120502,1.835,1.857,1.885,1.847,1.877,0.042,2.2888,5207014.98,971667.049
510050.SH,20120503,1.877,1.873,1.879,1.867,1.877,0.0,0.0,3270917.92,612995.656
510050.SH,20120504,1.877,1.877,1.886,1.863,1.886,0.009,0.4795,3626696.76,680951.996
510050.SH,20120507,1.886,1.88,1.882,1.868,1.877,-0.009,-0.4772,3748753.12,702894.356
510050.SH,20120508,1.877,1.876,1.879,1.857,1.872,-0.005,-0.2664,4624673.14,863722.242
510050.SH,20120509,1.872,1.859,1.859,1.841,1.842,-0.03,-1.6026,3444840.05,637621.708
510050.SH,20120510,1.842,1.841,1.847,1.837,1.841,-0.001,-0.0543,2474362.52,455975.095
510050.SH,20120511,1.841,1.84,1.848,1.829,1.829,-0.012,-0.6518,3101503.71,569656.037
510050.SH,20120514,1.829,1.838,1.842,1.81,1.814,-0.015,-0.8201,4036728.97,736943.86
510050.SH,20120515,1.814,1.803,1.814,1.8,1.811,-0.003,-0.1654,2659146.53,480150.659
510050.SH,20120516,1.8,1.802,1.802,1.774,1.775,-0.025,-1.3889,2997840.99,535665.962
510050.SH,20120517,1.775,1.778,1.807,1.776,1.803,0.028,1.5775,3060486.86,547799.272
510050.SH,20120518,1.803,1.791,1.794,1.775,1.778,-0.025,-1.3866,2078689.82,370765.362
510050.SH,20120521,1.778,1.781,1.798,1.774,1.786,0.008,0.4499,2412331.99,431157.263
510050.SH,20120522,1.786,1.793,1.814,1.792,1.813,0.027,1.5118,3126589.69,563722.173
510050.SH,20120523,1.813,1.809,1.818,1.794,1.803,-0.01,-0.5516,1853090.77,334704.774
510050.SH,20120524,1.803,1.802,1.814,1.785,1.793,-0.01,-0.5546,2573506.53,463013.886
510050.SH,20120525,1.793,1.793,1.797,1.773,1.777,-0.016,-0.8924,2809192.41,501272.339
510050.SH,20120528,1.777,1.77,1.804,1.767,1.803,0.026,1.4631,3244675.93,578593.251
510050.SH,20120529,1.803,1.802,1.831,1.799,1.829,0.026,1.442,3861171.04,702985.535
510050.SH,20120530,1.829,1.826,1.827,1.814,1.817,-0.012,-0.6561,1776036.72,323188.484
510050.SH,20120531,1.817,1.813,1.818,1.804,1.808,-0.009,-0.4953,1574330.72,285024.475
510050.SH,20120601,1.808,1.809,1.825,1.807,1.812,0.004,0.2212,1700547.06,308927.988
510050.SH,20120604,1.812,1.798,1.799,1.765,1.767,-0.045,-2.4834,3293363.3,587654.101
510050.SH,20120605,1.767,1.77,1.776,1.762,1.767,0.0,0.0,1976879.73,349639.439
510050.SH,20120606,1.767,1.77,1.782,1.769,1.772,0.005,0.283,1337817.36,237446.854
510050.SH,20120607,1.772,1.791,1.792,1.762,1.766,-0.006,-0.3386,2451373.01,434723.218
510050.SH,20120608,1.766,1.775,1.776,1.748,1.749,-0.017,-0.9626,2378189.68,418151.241
510050.SH,20120611,1.749,1.754,1.776,1.753,1.768,0.019,1.0863,2602243.67,458686.406
510050.SH,20120612,1.768,1.764,1.768,1.75,1.757,-0.011,-0.6222,1917325.55,337119.078
510050.SH,20120613,1.757,1.762,1.787,1.76,1.783,0.026,1.4798,1886581.07,334773.657
510050.SH,20120614,1.783,1.779,1.787,1.771,1.773,-0.01,-0.5609,1300685.25,231449.496
510050.SH,20120615,1.773,1.778,1.793,1.771,1.79,0.017,0.9588,2606801.55,464989.856
510050.SH,20120618,1.79,1.802,1.804,1.79,1.791,0.001,0.0559,1317964.08,236734.135
510050.SH,20120619,1.791,1.789,1.793,1.78,1.783,-0.008,-0.4467,1067942.92,190803.079
510050.SH,20120620,1.783,1.785,1.796,1.783,1.786,0.003,0.1683,1050937.74,188030.611
510050.SH,20120621,1.786,1.783,1.783,1.751,1.757,-0.029,-1.6237,2254886.2,396952.613
510050.SH,20120625,1.757,1.752,1.754,1.72,1.723,-0.034,-1.9351,2638313.41,458508.109
510050.SH,20120626,1.723,1.716,1.736,1.716,1.729,0.006,0.3482,2508339.02,433003.632
510050.SH,20120627,1.729,1.729,1.74,1.721,1.723,-0.006,-0.347,3563608.22,616678.902
510050.SH,20120628,1.723,1.728,1.73,1.712,1.713,-0.01,-0.5804,1379369.28,237346.062
510050.SH,20120629,1.713,1.708,1.738,1.706,1.735,0.022,1.2843,2264713.51,390448.611
510050.SH,20120702,1.735,1.743,1.745,1.725,1.732,-0.003,-0.1729,1473670.83,255430.309
510050.SH,20120703,1.732,1.733,1.751,1.73,1.737,0.005,0.2887,1958119.87,340882.903
510050.SH,20120704,1.737,1.741,1.749,1.734,1.738,0.001,0.0576,1422930.88,247922.299
510050.SH,20120705,1.738,1.735,1.735,1.719,1.724,-0.014,-0.8055,1640602.11,282952.832
510050.SH,20120706,1.724,1.725,1.747,1.713,1.741,0.017,0.9861,2399829.15,414976.552
510050.SH,20120709,1.741,1.732,1.737,1.698,1.699,-0.042,-2.4124,2615725.5,449041.765
510050.SH,20120710,1.699,1.7,1.709,1.693,1.697,-0.002,-0.1177,1824050.82,310091.893
510050.SH,20120711,1.697,1.697,1.706,1.692,1.703,0.006,0.3536,1819137.64,309214.375
510050.SH,20120712,1.703,1.7,1.722,1.685,1.712,0.009,0.5285,3163029.02,539218.925
510050.SH,20120713,1.712,1.709,1.73,1.707,1.716,0.004,0.2336,2298737.43,395351.539
510050.SH,20120716,1.716,1.718,1.72,1.692,1.693,-0.023,-1.3403,2473642.71,420616.462
510050.SH,20120717,1.693,1.69,1.707,1.689,1.701,0.008,0.4725,1670450.4,283647.669
510050.SH,20120718,1.701,1.697,1.704,1.675,1.696,-0.005,-0.2939,1962937.44,332024.616
510050.SH,20120719,1.696,1.693,1.721,1.692,1.706,0.01,0.5896,2496740.48,426841.727
510050.SH,20120720,1.706,1.706,1.706,1.69,1.693,-0.013,-0.762,1703791.21,289215.283
510050.SH,20120723,1.693,1.683,1.683,1.66,1.664,-0.029,-1.7129,2042951.73,340871.857
510050.SH,20120724,1.664,1.66,1.677,1.658,1.666,0.002,0.1202,1704602.38,284187.468
510050.SH,20120725,1.666,1.661,1.674,1.66,1.662,-0.004,-0.2401,2034402.11,338766.884
510050.SH,20120726,1.662,1.664,1.675,1.658,1.66,-0.002,-0.1203,2332885.96,388557.701
510050.SH,20120727,1.66,1.664,1.675,1.66,1.667,0.007,0.4217,2575094.48,429401.897
510050.SH,20120730,1.667,1.668,1.679,1.662,1.664,-0.003,-0.18,1827054.56,305247.244
510050.SH,20120731,1.664,1.665,1.678,1.663,1.67,0.006,0.3606,1858419.37,310454.982
510050.SH,20120801,1.67,1.671,1.684,1.67,1.679,0.009,0.5389,2394076.89,401593.242
510050.SH,20120802,1.679,1.676,1.682,1.665,1.673,-0.006,-0.3574,1476090.99,247085.662
510050.SH,20120803,1.673,1.673,1.679,1.666,1.678,0.005,0.2989,1596223.19,266769.469
510050.SH,20120806,1.678,1.675,1.696,1.672,1.692,0.014,0.8343,2039534.45,344061.899
510050.SH,20120807,1.692,1.693,1.698,1.689,1.692,0.0,0.0,1691146.69,286337.963
510050.SH,20120808,1.692,1.695,1.707,1.694,1.698,0.006,0.3546,2383216.56,405285.579
510050.SH,20120809,1.698,1.699,1.708,1.69,1.708,0.01,0.5889,1843730.58,313679.466
510050.SH,20120810,1.708,1.707,1.713,1.701,1.702,-0.006,-0.3513,1136240.02,193925.196
510050.SH,20120813,1.702,1.7,1.7,1.669,1.671,-0.031,-1.8214,2480919.44,417923.369
510050.SH,20120814,1.671,1.669,1.674,1.654,1.667,-0.004,-0.2394,2098189.58,349096.124
510050.SH,20120815,1.667,1.666,1.666,1.643,1.646,-0.021,-1.2597,1839180.02,303938.729
510050.SH,20120816,1.646,1.644,1.65,1.64,1.643,-0.003,-0.1823,1337106.82,220006.59
510050.SH,20120817,1.643,1.641,1.646,1.632,1.643,0.0,0.0,1765876.41,289275.727
510050.SH,20120820,1.643,1.632,1.635,1.62,1.63,-0.013,-0.7912,1375424.22,223578.614
510050.SH,20120821,1.63,1.632,1.647,1.629,1.634,0.004,0.2454,1912656.25,313357.863
510050.SH,20120822,1.634,1.637,1.637,1.621,1.625,-0.009,-0.5508,1002977.75,163089.709
510050.SH,20120823,1.625,1.627,1.638,1.624,1.632,0.007,0.4308,1431228.04,233471.442
510050.SH,20120824,1.632,1.629,1.633,1.624,1.625,-0.007,-0.4289,1022875.1,166493.673
510050.SH,20120827,1.625,1.622,1.622,1.59,1.593,-0.032,-1.9692,2232960.75,357838.777
510050.SH,20120828,1.593,1.595,1.616,1.589,1.605,0.012,0.7533,2303337.97,368931.882
510050.SH,20120829,1.605,1.599,1.605,1.589,1.59,-0.015,-0.9346,1305724.61,208313.097
510050.SH,20120830,1.59,1.584,1.599,1.58,1.592,0.002,0.1258,2145588.36,341265.938
510050.SH,20120831,1.592,1.588,1.6,1.587,1.592,0.0,0.0,1383239.86,220569.485
510050.SH,20120903,1.592,1.589,1.604,1.584,1.597,0.005,0.3141,1765362.26,281815.218
510050.SH,20120904,1.597,1.601,1.603,1.581,1.584,-0.013,-0.814,1103750.6,175805.38
510050.SH,20120905,1.584,1.582,1.584,1.567,1.573,-0.011,-0.6944,1494734.0,235311.589
510050.SH,20120906,1.573,1.574,1.589,1.574,1.587,0.014,0.89,1677278.8,265125.935
510050.SH,20120907,1.587,1.598,1.673,1.596,1.661,0.074,4.6629,6468646.32,1064486.794
510050.SH,20120910,1.661,1.662,1.667,1.654,1.66,-0.001,-0.0602,2781868.43,461644.438
510050.SH,20120911,1.66,1.651,1.651,1.633,1.647,-0.013,-0.7831,2282965.74,374313.502
510050.SH,20120912,1.647,1.655,1.662,1.636,1.648,0.001,0.0607,2353805.9,387803.641
510050.SH,20120913,1.648,1.645,1.65,1.637,1.637,-0.011,-0.6675,2055987.56,337896.73
510050.SH,20120914,1.637,1.654,1.664,1.642,1.652,0.015,0.9163,3417131.95,565372.668
510050.SH,20120917,1.652,1.648,1.654,1.622,1.623,-0.029,-1.7554,2511090.28,411403.565
510050.SH,20120918,1.623,1.615,1.616,1.599,1.605,-0.018,-1.1091,2195766.35,352882.563
510050.SH,20120919,1.605,1.604,1.609,1.598,1.606,0.001,0.0623,1648873.14,264254.366
510050.SH,20120920,1.606,1.603,1.603,1.576,1.58,-0.026,-1.6189,1984111.44,315090.153
510050.SH,20120921,1.58,1.576,1.594,1.573,1.584,0.004,0.2532,1784046.2,282553.637
510050.SH,20120924,1.584,1.573,1.599,1.567,1.59,0.006,0.3788,2233079.4,353002.272
510050.SH,20120925,1.59,1.586,1.599,1.584,1.591,0.001,0.0629,1554316.87,247438.855
510050.SH,20120926,1.591,1.59,1.599,1.575,1.579,-0.012,-0.7542,1639898.51,259966.399
510050.SH,20120927,1.579,1.58,1.7,1.58,1.621,0.042,2.6599,6612596.61,1070433.77
510050.SH,20120928,1.621,1.615,1.655,1.612,1.652,0.031,1.9124,4758222.66,778005.564
510050.SH,20121008,1.652,1.65,1.66,1.626,1.635,-0.017,-1.0291,1727356.15,283779.946
510050.SH,20121009,1.635,1.643,1.674,1.643,1.666,0.031,1.896,4048375.35,673433.281
510050.SH,20121010,1.666,1.664,1.665,1.653,1.663,-0.003,-0.1801,1799976.81,298880.389
510050.SH,20121011,1.663,1.66,1.663,1.649,1.655,-0.008,-0.4811,1681877.95,278554.954
510050.SH,20121012,1.655,1.66,1.674,1.645,1.655,0.0,0.0,2396435.83,397922.613
510050.SH,20121015,1.655,1.66,1.66,1.644,1.65,-0.005,-0.3021,1392617.57,229798.888
510050.SH,20121016,1.65,1.65,1.663,1.646,1.651,0.001,0.0606,1994814.36,330338.223
510050.SH,20121017,1.651,1.659,1.663,1.643,1.656,0.005,0.3028,2076807.5,343755.696
510050.SH,20121018,1.656,1.66,1.682,1.657,1.678,0.022,1.3285,4091804.87,683172.57
510050.SH,20121019,1.678,1.676,1.682,1.674,1.677,-0.001,-0.0596,2242289.19,376383.973
510050.SH,20121022,1.677,1.673,1.689,1.665,1.683,0.006,0.3578,2176980.73,364489.21
510050.SH,20121023,1.683,1.682,1.684,1.664,1.666,-0.017,-1.0101,1753488.77,293225.208
510050.SH,20121024,1.666,1.66,1.671,1.659,1.663,-0.003,-0.1801,1753995.99,291857.554
510050.SH,20121025,1.663,1.664,1.67,1.649,1.651,-0.012,-0.7216,1890137.85,313579.046
510050.SH,20121026,1.651,1.653,1.654,1.613,1.619,-0.032,-1.9382,2124757.46,345974.179
510050.SH,20121029,1.619,1.617,1.62,1.602,1.607,-0.012,-0.7412,1497583.68,241478.914
510050.SH,20121030,1.607,1.609,1.624,1.604,1.611,0.004,0.2489,1716732.89,276726.091
510050.SH,20121031,1.611,1.614,1.626,1.609,1.625,0.014,0.869,1451923.61,234956.447
510050.SH,20121101,1.625,1.626,1.664,1.626,1.655,0.03,1.8462,2080361.95,343240.557
510050.SH,20121102,1.655,1.655,1.666,1.646,1.664,0.009,0.5438,2150896.47,356657.512
510050.SH,20121105,1.664,1.66,1.673,1.653,1.66,-0.004,-0.2404,1486052.99,246893.384
510050.SH,20121106,1.66,1.661,1.664,1.633,1.655,-0.005,-0.3012,1558784.16,256571.527
510050.SH,20121107,1.655,1.651,1.664,1.645,1.655,0.0,0.0,1426563.68,235999.852
510050.SH,20121108,1.655,1.643,1.646,1.628,1.629,-0.026,-1.571,1634462.54,267772.562
510050.SH,20121109,1.629,1.624,1.635,1.624,1.627,-0.002,-0.1228,1200185.92,195496.013
510050.SH,20121112,1.627,1.631,1.637,1.624,1.636,0.009,0.5532,1198795.06,195629.212
510050.SH,20121113,1.599,1.602,1.602,1.573,1.577,-0.022,-1.3759,1677281.75,265287.832
510050.SH,20121114,1.577,1.576,1.588,1.57,1.583,0.006,0.3805,3691503.06,582713.475
510050.SH,20121115,1.583,1.576,1.579,1.563,1.564,-0.019,-1.2003,1469875.76,231124.484
510050.SH,20121116,1.564,1.562,1.562,1.544,1.55,-0.014,-0.8951,1620632.94,251358.747
510050.SH,20121119,1.55,1.55,1.55,1.533,1.548,-0.002,-0.129,1904986.15,293903.366
510050.SH,20121120,1.548,1.553,1.555,1.539,1.54,-0.008,-0.5168,1374191.77,212493.775
510050.SH,20121121,1.54,1.541,1.562,1.535,1.561,0.021,1.3636,2405158.88,372450.938
510050.SH,20121122,1.561,1.552,1.557,1.545,1.556,-0.005,-0.3203,2040361.93,316691.073
510050.SH,20121123,1.556,1.56,1.574,1.554,1.566,0.01,0.6427,2320904.82,363375.406
510050.SH,20121126,1.566,1.565,1.568,1.556,1.562,-0.004,-0.2554,1456291.19,227508.144
510050.SH,20121127,1.562,1.557,1.562,1.551,1.553,-0.009,-0.5762,1138233.17,177233.508
510050.SH,20121128,1.553,1.548,1.549,1.539,1.542,-0.011,-0.7083,1798135.03,277533.803
510050.SH,20121129,1.542,1.543,1.548,1.535,1.536,-0.006,-0.3891,1516976.38,233767.986
510050.SH,20121130,1.536,1.535,1.546,1.53,1.544,0.008,0.5208,1854801.12,285423.322
510050.SH,20121203,1.544,1.543,1.555,1.531,1.533,-0.011,-0.7124,1472994.02,227157.251
510050.SH,20121204,1.533,1.53,1.548,1.528,1.547,0.014,0.9132,2105376.28,323900.671
510050.SH,20121205,1.547,1.545,1.606,1.543,1.599,0.052,3.3613,4673376.38,741365.283
510050.SH,20121206,1.599,1.6,1.606,1.591,1.599,0.0,0.0,2715224.03,434044.482
510050.SH,20121207,1.599,1.6,1.637,1.598,1.633,0.034,2.1263,4275733.29,693400.013
510050.SH,20121210,1.633,1.637,1.657,1.637,1.65,0.017,1.041,5495281.45,905874.808
510050.SH,20121211,1.65,1.644,1.656,1.641,1.644,-0.006,-0.3636,1849545.94,304921.329
510050.SH,20121212,1.644,1.646,1.657,1.641,1.657,0.013,0.7908,2996277.13,494127.201
510050.SH,20121213,1.657,1.65,1.652,1.637,1.638,-0.019,-1.1467,2686652.02,441526.371
510050.SH,20121214,1.638,1.638,1.728,1.638,1.725,0.087,5.3114,6508684.32,1101091.459
510050.SH,20121217,1.725,1.729,1.747,1.729,1.736,0.011,0.6377,5182749.79,901313.596
510050.SH,20121218,1.736,1.732,1.765,1.726,1.741,0.005,0.288,4900370.71,856586.108
510050.SH,20121219,1.741,1.738,1.755,1.735,1.74,-0.001,-0.0574,3203018.08,558310.705
510050.SH,20121220,1.74,1.735,1.755,1.725,1.748,0.008,0.4598,3477058.68,604703.922
510050.SH,20121221,1.748,1.751,1.768,1.734,1.735,-0.013,-0.7437,3270796.99,570587.876
510050.SH,20121224,1.735,1.733,1.758,1.732,1.747,0.012,0.6916,2991594.49,522572.241
510050.SH,20121225,1.747,1.738,1.807,1.734,1.793,0.046,2.6331,5890460.46,1048865.376
510050.SH,20121226,1.793,1.793,1.804,1.791,1.799,0.006,0.3346,3010511.93,541134.731
510050.SH,20121227,1.799,1.809,1.814,1.785,1.786,-0.013,-0.7226,3549448.37,636937.685
510050.SH,20121228,1.786,1.785,1.817,1.784,1.814,0.028,1.5677,3613363.61,651120.804
510050.SH,20121231,1.814,1.819,1.855,1.819,1.854,0.04,2.2051,3663139.07,674232.226
510050.SH,20130104,1.854,1.88,1.896,1.847,1.867,0.013,0.7012,5793368.89,1083892.117
510050.SH,20130107,1.867,1.858,1.886,1.853,1.876,0.009,0.4821,3167598.72,593124.603
510050.SH,20130108,1.876,1.875,1.878,1.843,1.853,-0.023,-1.226,3261195.91,605281.775
510050.SH,20130109,1.853,1.848,1.858,1.835,1.848,-0.005,-0.2698,2636745.07,487235.973
510050.SH,20130110,1.848,1.848,1.871,1.839,1.849,0.001,0.0541,2668491.42,495040.885
510050.SH,20130111,1.849,1.851,1.859,1.809,1.817,-0.032,-1.7307,3678670.25,674034.148
510050.SH,20130114,1.817,1.81,1.894,1.807,1.886,0.069,3.7975,7662939.93,1425246.884
510050.SH,20130115,1.886,1.886,1.902,1.882,1.893,0.007,0.3712,4217446.51,797109.176
510050.SH,20130116,1.893,1.893,1.893,1.845,1.871,-0.022,-1.1622,3497449.24,654278.947
510050.SH,20130117,1.871,1.87,1.871,1.84,1.852,-0.019,-1.0155,3660641.34,678390.661
510050.SH,20130118,1.852,1.861,1.893,1.85,1.882,0.03,1.6199,3521371.68,659212.542
510050.SH,20130121,1.882,1.885,1.893,1.861,1.892,0.01,0.5313,4531565.14,853623.704
510050.SH,20130122,1.892,1.89,1.911,1.874,1.893,0.001,0.0529,3130024.82,592366.109
510050.SH,20130123,1.893,1.889,1.905,1.882,1.901,0.008,0.4226,3322561.82,629079.208
510050.SH,20130124,1.901,1.903,1.956,1.882,1.895,-0.006,-0.3156,6176969.73,1184723.346
510050.SH,20130125,1.895,1.895,1.9,1.876,1.885,-0.01,-0.5277,2844112.36,537078.923
510050.SH,20130128,1.885,1.886,1.949,1.886,1.949,0.064,3.3952,4912061.86,946353.669
510050.SH,20130129,1.949,1.95,1.986,1.945,1.975,0.026,1.334,4600171.38,902272.783
510050.SH,20130130,1.975,1.98,1.985,1.963,1.981,0.006,0.3038,2897104.83,573070.785
510050.SH,20130131,1.981,1.983,1.991,1.972,1.987,0.006,0.3029,3707282.07,735559.43
510050.SH,20130201,1.987,1.978,2.051,1.975,2.048,0.061,3.07,5198870.39,1045191.282
510050.SH,20130204,2.048,2.057,2.079,2.045,2.055,0.007,0.3418,7212737.36,1489183.308
510050.SH,20130205,2.055,2.045,2.07,2.03,2.059,0.004,0.1946,4297021.74,880984.604
510050.SH,20130206,2.059,2.058,2.09,2.058,2.072,0.013,0.6314,2692461.99,557665.225
510050.SH,20130207,2.072,2.07,2.072,2.008,2.046,-0.026,-1.2548,4487042.13,915169.661
510050.SH,20130208,2.046,2.05,2.053,2.018,2.035,-0.011,-0.5376,3639864.12,742899.836
510050.SH,20130218,2.035,2.045,2.048,2.01,2.011,-0.024,-1.1794,4169070.85,843993.979
510050.SH,20130219,2.011,2.006,2.014,1.969,1.978,-0.033,-1.641,3465846.59,688669.363
510050.SH,20130220,1.978,1.976,1.98,1.943,1.973,-0.005,-0.2528,4411764.5,865781.732
510050.SH,20130221,1.973,1.953,1.953,1.873,1.893,-0.08,-4.0547,8590292.39,1636263.75
510050.SH,20130222,1.893,1.892,1.899,1.875,1.88,-0.013,-0.6867,2684023.24,507290.15
510050.SH,20130225,1.88,1.887,1.912,1.877,1.888,0.008,0.4255,2332136.02,441290.829
510050.SH,20130226,1.888,1.88,1.916,1.861,1.862,-0.026,-1.3771,5196126.31,982103.68
510050.SH,20130227,1.862,1.87,1.905,1.869,1.885,0.023,1.2352,4908965.58,925356.161
510050.SH,20130228,1.885,1.905,1.955,1.884,1.952,0.067,3.5544,6155534.73,1185984.019
510050.SH,20130301,1.952,1.953,1.96,1.912,1.944,-0.008,-0.4098,4269924.43,828526.947
510050.SH,20130304,1.944,1.91,1.92,1.83,1.841,-0.103,-5.2984,7116791.17,1330188.848
510050.SH,20130305,1.841,1.845,1.915,1.842,1.913,0.072,3.9109,7855285.38,1470746.309
510050.SH,20130306,1.913,1.925,1.942,1.904,1.932,0.019,0.9932,4623435.25,890900.722
510050.SH,20130307,1.932,1.923,1.935,1.88,1.899,-0.033,-1.7081,5064373.83,968604.26
510050.SH,20130308,1.899,1.907,1.916,1.89,1.9,0.001,0.0527,3084470.29,586843.435
510050.SH,20130311,1.9,1.891,1.898,1.867,1.879,-0.021,-1.1053,2640337.41,496997.144
510050.SH,20130312,1.879,1.876,1.896,1.836,1.853,-0.026,-1.3837,4103522.03,765165.956
510050.SH,20130313,1.853,1.846,1.859,1.828,1.834,-0.019,-1.0254,3135446.5,577461.869
510050.SH,20130314,1.834,1.831,1.85,1.821,1.839,0.005,0.2726,2512665.9,461634.722
510050.SH,20130315,1.839,1.839,1.893,1.817,1.845,0.006,0.3263,5772256.91,1070586.219
510050.SH,20130318,1.845,1.835,1.842,1.812,1.812,-0.033,-1.7886,3666686.67,668807.015
510050.SH,20130319,1.812,1.814,1.838,1.807,1.83,0.018,0.9934,4037703.88,735666.302
510050.SH,20130320,1.83,1.831,1.904,1.831,1.903,0.073,3.9891,9211037.46,1727659.246
510050.SH,20130321,1.903,1.906,1.911,1.891,1.901,-0.002,-0.1051,3064761.74,583400.368
510050.SH,20130322,1.901,1.903,1.912,1.893,1.903,0.002,0.1052,2414012.06,459550.239
510050.SH,20130325,1.903,1.91,1.927,1.896,1.901,-0.002,-0.1051,3181198.19,607206.135
510050.SH,20130326,1.901,1.894,1.894,1.853,1.86,-0.041,-2.1568,3269546.81,610919.217
510050.SH,20130327,1.86,1.863,1.891,1.853,1.865,0.005,0.2688,3499394.21,655496.784
510050.SH,20130328,1.865,1.834,1.834,1.77,1.788,-0.077,-4.1287,5900670.14,1060106.883
510050.SH,20130329,1.788,1.792,1.798,1.775,1.788,0.0,0.0,3460331.36,618231.964
510050.SH,20130401,1.788,1.784,1.797,1.777,1.783,-0.005,-0.2796,3583351.91,639849.702
510050.SH,20130402,1.783,1.784,1.805,1.773,1.786,0.003,0.1683,3991813.74,713030.424
510050.SH,20130403,1.786,1.79,1.807,1.78,1.788,0.002,0.112,3684051.89,660042.668
510050.SH,20130408,1.788,1.763,1.778,1.75,1.77,-0.018,-1.0067,4090205.67,721274.623
510050.SH,20130409,1.77,1.775,1.801,1.775,1.787,0.017,0.9605,4414264.72,789351.872
510050.SH,20130410,1.787,1.787,1.793,1.776,1.788,0.001,0.056,2675976.65,478073.573
510050.SH,20130411,1.788,1.804,1.809,1.785,1.787,-0.001,-0.0559,2275646.72,408692.499
510050.SH,20130412,1.787,1.786,1.794,1.774,1.776,-0.011,-0.6156,1993700.01,355562.56
510050.SH,20130415,1.776,1.773,1.778,1.756,1.762,-0.014,-0.7883,3369395.2,594220.651
510050.SH,20130416,1.762,1.752,1.772,1.742,1.77,0.008,0.454,4435028.38,778392.908
510050.SH,20130417,1.77,1.768,1.773,1.748,1.761,-0.009,-0.5085,2639603.03,464835.883
510050.SH,20130418,1.761,1.75,1.774,1.742,1.766,0.005,0.2839,4027129.05,708289.387
510050.SH,20130419,1.766,1.773,1.835,1.772,1.826,0.06,3.3975,7341442.26,1327210.278
510050.SH,20130422,1.826,1.825,1.829,1.816,1.823,-0.003,-0.1643,3416637.99,622261.737
510050.SH,20130423,1.823,1.826,1.826,1.761,1.763,-0.06,-3.2913,5289899.76,943388.712
510050.SH,20130424,1.763,1.765,1.808,1.757,1.79,0.027,1.5315,6329424.8,1129118.44
510050.SH,20130425,1.79,1.785,1.8,1.762,1.777,-0.013,-0.7263,5219814.41,929025.209
510050.SH,20130426,1.777,1.783,1.795,1.757,1.765,-0.012,-0.6753,3760263.26,667767.867
510050.SH,20130502,1.765,1.76,1.766,1.746,1.765,0.0,0.0,2692066.89,472751.846
510050.SH,20130503,1.765,1.771,1.82,1.769,1.796,0.031,1.7564,5924783.16,1066125.796
510050.SH,20130506,1.796,1.801,1.826,1.801,1.813,0.017,0.9465,4378822.04,794691.886
510050.SH,20130507,1.813,1.811,1.823,1.8,1.817,0.004,0.2206,3197692.34,579216.305
510050.SH,20130508,1.817,1.826,1.845,1.816,1.822,0.005,0.2752,4310440.83,787870.787
510050.SH,20130509,1.822,1.821,1.826,1.792,1.808,-0.014,-0.7684,2883170.27,521578.73
510050.SH,20130510,1.808,1.8,1.823,1.799,1.819,0.011,0.6084,3440873.35,623974.509
510050.SH,20130513,1.819,1.821,1.823,1.8,1.809,-0.01,-0.5498,2581899.3,467707.591
510050.SH,20130514,1.809,1.805,1.808,1.771,1.785,-0.024,-1.3267,3091746.93,552563.698
510050.SH,20130515,1.785,1.786,1.793,1.779,1.786,0.001,0.056,2139798.27,382177.068
510050.SH,20130516,1.786,1.78,1.82,1.771,1.819,0.033,1.8477,5275166.78,949343.293
510050.SH,20130517,1.819,1.819,1.849,1.81,1.843,0.024,1.3194,4704391.46,860067.576
510050.SH,20130520,1.843,1.844,1.877,1.843,1.861,0.018,0.9767,4812296.85,895455.635
510050.SH,20130521,1.861,1.858,1.863,1.842,1.852,-0.009,-0.4836,3369000.57,623779.033
510050.SH,20130522,1.852,1.851,1.861,1.846,1.856,0.004,0.216,2746688.85,509181.545
510050.SH,20130523,1.856,1.846,1.855,1.822,1.823,-0.033,-1.778,3989651.35,733997.6
510050.SH,20130524,1.823,1.831,1.846,1.813,1.829,0.006,0.3291,3569874.9,653262.405
510050.SH,20130527,1.829,1.827,1.838,1.82,1.825,-0.004,-0.2187,2418481.63,442264.024
510050.SH,20130528,1.825,1.827,1.872,1.818,1.871,0.046,2.5205,5283254.52,973723.604
510050.SH,20130529,1.871,1.872,1.882,1.859,1.861,-0.01,-0.5345,4256919.28,796989.632
510050.SH,20130530,1.861,1.856,1.866,1.85,1.855,-0.006,-0.3224,3130205.72,581869.941
510050.SH,20130531,1.855,1.858,1.866,1.836,1.84,-0.015,-0.8086,3598356.1,666997.618
510050.SH,20130603,1.84,1.843,1.862,1.841,1.844,0.004,0.2174,3485591.44,644668.215
510050.SH,20130604,1.844,1.842,1.845,1.821,1.826,-0.018,-0.9761,4675908.87,855949.427
510050.SH,20130605,1.826,1.827,1.828,1.809,1.813,-0.013,-0.7119,2333140.96,424100.064
510050.SH,20130606,1.813,1.811,1.814,1.791,1.794,-0.019,-1.048,3147987.51,567063.572
510050.SH,20130607,1.794,1.796,1.803,1.763,1.77,-0.024,-1.3378,3519143.38,626766.311
510050.SH,20130613,1.77,1.749,1.749,1.701,1.725,-0.045,-2.5424,13363752.09,2293537.096
510050.SH,20130614,1.725,1.725,1.729,1.712,1.726,0.001,0.058,7908635.41,1362347.649
510050.SH,20130617,1.726,1.729,1.732,1.709,1.711,-0.015,-0.8691,2673970.61,459312.588
510050.SH,20130618,1.711,1.72,1.73,1.705,1.722,0.011,0.6429,3322665.04,572004.706
510050.SH,20130619,1.722,1.715,1.716,1.688,1.707,-0.015,-0.8711,3736725.37,636009.183
510050.SH,20130620,1.707,1.7,1.7,1.65,1.653,-0.054,-3.1634,3413414.22,570894.804
510050.SH,20130621,1.653,1.63,1.665,1.622,1.65,-0.003,-0.1815,4668074.47,768184.73
510050.SH,20130624,1.65,1.645,1.645,1.541,1.545,-0.105,-6.3636,6970357.46,1099712.809
510050.SH,20130625,1.545,1.532,1.553,1.44,1.55,0.005,0.3236,18893236.45,2875302.0
510050.SH,20130626,1.55,1.551,1.552,1.51,1.529,-0.021,-1.3548,5544870.04,846975.039
510050.SH,20130627,1.529,1.536,1.556,1.526,1.535,0.006,0.3924,4874509.97,750935.25
510050.SH,20130628,1.535,1.535,1.592,1.518,1.58,0.045,2.9316,5119651.23,800967.381
510050.SH,20130701,1.58,1.566,1.578,1.553,1.575,-0.005,-0.3165,2868539.14,449439.977
510050.SH,20130702,1.575,1.583,1.584,1.55,1.568,-0.007,-0.4444,3496046.14,546967.175
510050.SH,20130703,1.568,1.56,1.561,1.533,1.554,-0.014,-0.8929,3250117.41,503111.346
510050.SH,20130704,1.554,1.545,1.583,1.537,1.566,0.012,0.7722,4297493.03,672667.749
510050.SH,20130705,1.566,1.573,1.591,1.57,1.574,0.008,0.5109,3513754.02,555298.072
510050.SH,20130708,1.574,1.559,1.566,1.535,1.545,-0.029,-1.8424,4895334.7,758448.17
510050.SH,20130709,1.545,1.545,1.55,1.534,1.541,-0.004,-0.2589,2762051.69,426016.046
510050.SH,20130710,1.541,1.541,1.585,1.538,1.584,0.043,2.7904,4223703.18,658582.836
510050.SH,20130711,1.584,1.595,1.706,1.595,1.684,0.1,6.3131,9182256.39,1516406.892
510050.SH,20130712,1.684,1.678,1.68,1.625,1.632,-0.052,-3.0879,4768627.76,790171.39
510050.SH,20130715,1.632,1.641,1.678,1.626,1.648,0.016,0.9804,5932003.4,979362.259
510050.SH,20130716,1.648,1.642,1.649,1.621,1.648,0.0,0.0,3295387.86,539071.294
510050.SH,20130717,1.648,1.645,1.658,1.626,1.627,-0.021,-1.2743,4308715.84,707602.587
510050.SH,20130718,1.627,1.62,1.627,1.591,1.593,-0.034,-2.0897,2959370.28,474344.183
510050.SH,20130719,1.593,1.597,1.602,1.55,1.555,-0.038,-2.3854,3394982.57,535504.909
510050.SH,20130722,1.555,1.535,1.56,1.533,1.557,0.002,0.1286,2993559.41,463153.979
510050.SH,20130723,1.557,1.565,1.618,1.559,1.6,0.043,2.7617,8050020.16,1286717.927
510050.SH,20130724,1.6,1.59,1.597,1.557,1.58,-0.02,-1.25,3710438.84,584780.112
510050.SH,20130725,1.58,1.583,1.598,1.569,1.579,-0.001,-0.0633,4232010.48,670230.779
510050.SH,20130726,1.579,1.565,1.578,1.56,1.57,-0.009,-0.57,2951037.8,462791.26
510050.SH,20130729,1.57,1.556,1.556,1.527,1.532,-0.038,-2.4204,2745653.51,422232.191
510050.SH,20130730,1.532,1.536,1.575,1.533,1.549,0.017,1.1097,4295098.55,667193.536
510050.SH,20130731,1.549,1.565,1.586,1.548,1.551,0.002,0.1291,3167112.05,495473.71
510050.SH,20130801,1.551,1.561,1.595,1.558,1.588,0.037,2.3856,5326852.25,840386.546
510050.SH,20130802,1.588,1.6,1.61,1.582,1.586,-0.002,-0.1259,3864141.45,615879.581
510050.SH,20130805,1.586,1.589,1.604,1.581,1.603,0.017,1.0719,2864974.82,456424.808
510050.SH,20130806,1.603,1.596,1.616,1.581,1.605,0.002,0.1248,3534317.2,564910.189
510050.SH,20130807,1.605,1.603,1.625,1.596,1.598,-0.007,-0.4361,4423175.77,712658.899
510050.SH,20130808,1.598,1.596,1.613,1.587,1.595,-0.003,-0.1877,3402683.47,543475.809
510050.SH,20130809,1.595,1.606,1.613,1.581,1.604,0.009,0.5643,4263692.74,681984.351
510050.SH,20130812,1.604,1.615,1.665,1.609,1.663,0.059,3.6783,8241874.17,1349744.585
510050.SH,20130813,1.663,1.663,1.674,1.655,1.67,0.007,0.4209,4002428.82,666659.332
510050.SH,20130814,1.67,1.673,1.697,1.658,1.663,-0.007,-0.4192,4943930.85,830188.652
510050.SH,20130815,1.663,1.673,1.676,1.643,1.646,-0.017,-1.0222,3126047.7,519365.761
510050.SH,20130816,1.646,1.641,1.753,1.622,1.646,0.0,0.0,17637683.41,2943776.653
510050.SH,20130819,1.646,1.629,1.669,1.622,1.657,0.011,0.6683,4951342.17,813659.001
510050.SH,20130820,1.657,1.656,1.68,1.639,1.646,-0.011,-0.6639,4451458.46,740040.113
510050.SH,20130821,1.646,1.648,1.657,1.625,1.639,-0.007,-0.4253,3303941.12,540798.485
510050.SH,20130822,1.639,1.635,1.659,1.631,1.634,-0.005,-0.3051,4302756.21,708068.474
510050.SH,20130823,1.634,1.643,1.65,1.592,1.618,-0.016,-0.9792,4639134.11,752114.922
510050.SH,20130826,1.618,1.624,1.657,1.615,1.655,0.037,2.2868,5671564.78,930921.064
510050.SH,20130827,1.655,1.652,1.661,1.64,1.653,-0.002,-0.1208,3622080.65,597912.571
510050.SH,20130828,1.653,1.642,1.659,1.625,1.647,-0.006,-0.363,4416945.76,726102.921
510050.SH,20130829,1.647,1.658,1.661,1.633,1.641,-0.006,-0.3643,3693067.13,607600.906
510050.SH,20130830,1.641,1.638,1.655,1.627,1.645,0.004,0.2438,2894460.05,475492.106
510050.SH,20130902,1.645,1.65,1.655,1.634,1.648,0.003,0.1824,2582897.77,425417.965
510050.SH,20130903,1.648,1.651,1.671,1.648,1.668,0.02,1.2136,4146918.27,688946.251
510050.SH,20130904,1.668,1.665,1.674,1.663,1.67,0.002,0.1199,2729286.84,455472.641
510050.SH,20130905,1.67,1.668,1.67,1.66,1.665,-0.005,-0.2994,2570083.82,428068.95
510050.SH,20130906,1.665,1.661,1.684,1.661,1.683,0.018,1.0811,4073991.56,682264.344
510050.SH,20130909,1.683,1.698,1.78,1.698,1.772,0.089,5.2882,8713139.29,1522208.063
510050.SH,20130910,1.772,1.778,1.8,1.768,1.799,0.027,1.5237,6338441.64,1127536.987
510050.SH,20130911,1.799,1.811,1.826,1.797,1.803,0.004,0.2223,7404069.66,1343773.248
510050.SH,20130912,1.803,1.803,1.863,1.789,1.833,0.03,1.6639,7681614.61,1401521.437
510050.SH,20130913,1.833,1.831,1.838,1.807,1.811,-0.022,-1.2002,4306520.52,784129.561
510050.SH,20130916,1.811,1.819,1.827,1.781,1.797,-0.014,-0.7731,4744114.37,855080.799
510050.SH,20130917,1.797,1.801,1.806,1.755,1.757,-0.04,-2.2259,4457711.84,791987.351
510050.SH,20130918,1.757,1.756,1.765,1.736,1.759,0.002,0.1138,3434698.48,602442.146
510050.SH,20130923,1.759,1.765,1.775,1.753,1.769,0.01,0.5685,3442428.85,607451.854
510050.SH,20130924,1.769,1.769,1.769,1.718,1.731,-0.038,-2.1481,4821856.24,836157.715
510050.SH,20130925,1.731,1.726,1.744,1.715,1.717,-0.014,-0.8088,3184800.93,550943.189
510050.SH,20130926,1.717,1.715,1.715,1.683,1.689,-0.028,-1.6308,5724788.66,969570.365
510050.SH,20130927,1.689,1.685,1.696,1.68,1.695,0.006,0.3552,3083861.56,521069.126
510050.SH,20130930,1.695,1.702,1.713,1.69,1.697,0.002,0.118,2844491.81,483168.02
510050.SH,20131008,1.697,1.69,1.722,1.679,1.717,0.02,1.1786,3673802.35,625017.7
510050.SH,20131009,1.717,1.709,1.729,1.704,1.723,0.006,0.3494,3340601.74,574074.636
510050.SH,20131010,1.723,1.725,1.73,1.691,1.694,-0.029,-1.6831,4407376.45,753271.053
510050.SH,20131011,1.694,1.705,1.728,1.699,1.725,0.031,1.83,5457408.64,936949.658
510050.SH,20131014,1.725,1.726,1.729,1.713,1.718,-0.007,-0.4058,2715075.11,467037.774
510050.SH,20131015,1.718,1.719,1.723,1.7,1.71,-0.008,-0.4657,3283594.58,561575.042
510050.SH,20131016,1.71,1.705,1.707,1.682,1.689,-0.021,-1.2281,3641258.99,616075.48
510050.SH,20131017,1.689,1.697,1.7,1.679,1.681,-0.008,-0.4737,3465983.89,586019.316
510050.SH,20131018,1.681,1.683,1.703,1.682,1.693,0.012,0.7139,2583411.18,437533.971
510050.SH,20131021,1.693,1.695,1.716,1.682,1.714,0.021,1.2404,4010413.88,682420.483
510050.SH,20131022,1.714,1.711,1.711,1.688,1.694,-0.02,-1.1669,3346514.87,568485.316
510050.SH,20131023,1.694,1.704,1.723,1.688,1.693,-0.001,-0.059,5849336.19,997409.487
510050.SH,20131024,1.693,1.69,1.695,1.672,1.674,-0.019,-1.1223,4391624.05,738789.95
510050.SH,20131025,1.674,1.675,1.689,1.654,1.663,-0.011,-0.6571,6091154.77,1019085.372
510050.SH,20131028,1.663,1.666,1.671,1.655,1.665,0.002,0.1203,2932963.52,487941.604
510050.SH,20131029,1.665,1.668,1.71,1.663,1.686,0.021,1.2613,6355496.88,1070139.319
510050.SH,20131030,1.686,1.688,1.708,1.678,1.708,0.022,1.3049,6517093.48,1105021.164
510050.SH,20131031,1.708,1.7,1.702,1.683,1.685,-0.023,-1.3466,3415105.12,577055.528
510050.SH,20131101,1.685,1.687,1.705,1.681,1.7,0.015,0.8902,3966941.04,672462.679
510050.SH,20131104,1.7,1.707,1.716,1.688,1.693,-0.007,-0.4118,3014417.34,512437.17
510050.SH,20131105,1.693,1.683,1.699,1.667,1.687,-0.006,-0.3544,3824800.51,641438.051
510050.SH,20131106,1.687,1.679,1.684,1.666,1.669,-0.018,-1.067,3642740.86,610182.013
510050.SH,20131107,1.669,1.669,1.672,1.657,1.664,-0.005,-0.2996,2897196.66,482474.485
510050.SH,20131108,1.664,1.659,1.668,1.637,1.639,-0.025,-1.5024,4553673.84,752644.093
510050.SH,20131111,1.639,1.638,1.647,1.631,1.641,0.002,0.122,2685295.93,440036.708
510050.SH,20131112,1.641,1.646,1.663,1.646,1.663,0.022,1.3406,3438378.61,569496.17
510050.SH,20131113,1.663,1.651,1.651,1.621,1.621,-0.042,-2.5256,4441567.67,724875.098
510050.SH,20131114,1.621,1.621,1.628,1.611,1.622,0.001,0.0617,3666974.47,593427.742
510050.SH,20131115,1.569,1.571,1.62,1.571,1.6,0.031,1.9758,6134833.03,981966.486
510050.SH,20131118,1.6,1.615,1.676,1.608,1.675,0.075,4.6875,6959422.46,1137665.94
510050.SH,20131119,1.675,1.675,1.675,1.653,1.656,-0.019,-1.1343,4140401.85,687775.623
510050.SH,20131120,1.656,1.668,1.675,1.649,1.66,0.004,0.2415,4265765.06,706931.509
510050.SH,20131121,1.66,1.65,1.65,1.625,1.644,-0.016,-0.9639,4664271.49,762919.763
510050.SH,20131122,1.644,1.647,1.651,1.636,1.639,-0.005,-0.3041,4024621.63,661584.428
510050.SH,20131125,1.639,1.629,1.655,1.626,1.63,-0.009,-0.5491,5046943.54,827678.549
510050.SH,20131126,1.63,1.629,1.638,1.623,1.627,-0.003,-0.184,3472308.78,566339.917
510050.SH,20131127,1.627,1.627,1.655,1.624,1.643,0.016,0.9834,4649279.74,761980.272
510050.SH,20131128,1.643,1.648,1.676,1.645,1.659,0.016,0.9738,5134174.88,854219.552
510050.SH,20131129,1.659,1.665,1.666,1.652,1.656,-0.003,-0.1808,3133980.35,519615.107
510050.SH,20131202,1.656,1.66,1.69,1.651,1.675,0.019,1.1473,7755329.43,1295169.892
510050.SH,20131203,1.675,1.667,1.682,1.659,1.676,0.001,0.0597,4617677.7,770481.448
510050.SH,20131204,1.676,1.676,1.708,1.672,1.696,0.02,1.1933,5426295.81,919630.404
510050.SH,20131205,1.696,1.693,1.698,1.687,1.69,-0.006,-0.3538,3386945.73,572898.469
510050.SH,20131206,1.69,1.684,1.686,1.667,1.672,-0.018,-1.0651,4331330.13,725409.94
510050.SH,20131209,1.672,1.677,1.685,1.663,1.666,-0.006,-0.3589,3632472.37,606381.625
510050.SH,20131210,1.666,1.67,1.676,1.662,1.668,0.002,0.12,3684467.5,614995.652
510050.SH,20131211,1.668,1.661,1.661,1.63,1.639,-0.029,-1.7386,4130368.7,679144.313
510050.SH,20131212,1.639,1.634,1.639,1.628,1.629,-0.01,-0.6101,3477851.03,568350.085
510050.SH,20131213,1.629,1.618,1.631,1.612,1.627,-0.002,-0.1228,3723472.04,603977.344
510050.SH,20131216,1.627,1.634,1.636,1.601,1.603,-0.024,-1.4751,3915109.92,632158.915
510050.SH,20131217,1.603,1.605,1.607,1.593,1.595,-0.008,-0.4991,4039941.11,646315.738
510050.SH,20131218,1.595,1.597,1.607,1.594,1.599,0.004,0.2508,3815256.9,610184.81
510050.SH,20131219,1.599,1.605,1.608,1.58,1.581,-0.018,-1.1257,4439090.87,707455.918
510050.SH,20131220,1.581,1.582,1.584,1.539,1.543,-0.038,-2.4035,6320849.6,986155.047
510050.SH,20131223,1.543,1.545,1.554,1.53,1.542,-0.001,-0.0648,5115435.71,788734.526
510050.SH,20131224,1.542,1.548,1.558,1.53,1.54,-0.002,-0.1297,4632617.18,716119.152
510050.SH,20131225,1.54,1.542,1.548,1.534,1.546,0.006,0.3896,4537799.57,698849.935
510050.SH,20131226,1.546,1.544,1.545,1.521,1.527,-0.019,-1.229,4355160.74,666929.678
510050.SH,20131227,1.527,1.529,1.56,1.525,1.549,0.022,1.4407,4430149.93,683997.503
510050.SH,20131230,1.549,1.557,1.558,1.543,1.548,-0.001,-0.0646,3949542.52,611504.562
510050.SH,20131231,1.548,1.545,1.576,1.538,1.571,0.023,1.4858,6141166.75,958296.787
510050.SH,20140102,1.571,1.566,1.567,1.552,1.558,-0.013,-0.8275,2877847.7,448748.876
510050.SH,20140103,1.558,1.552,1.553,1.531,1.535,-0.023,-1.4763,4162933.36,640028.006
510050.SH,20140106,1.535,1.533,1.533,1.5,1.513,-0.022,-1.4332,4929123.75,743336.943
510050.SH,20140107,1.513,1.503,1.515,1.499,1.512,-0.001,-0.0661,3139118.42,473138.589
510050.SH,20140108,1.512,1.512,1.526,1.503,1.513,0.001,0.0661,4312025.98,653197.408
510050.SH,20140109,1.513,1.508,1.524,1.501,1.503,-0.01,-0.6609,5113506.11,773493.271
510050.SH,20140110,1.503,1.502,1.507,1.493,1.497,-0.006,-0.3992,4213321.91,631308.012
510050.SH,20140113,1.497,1.498,1.507,1.489,1.491,-0.006,-0.4008,6403832.45,957544.854
510050.SH,20140114,1.491,1.492,1.502,1.481,1.495,0.004,0.2683,4698598.01,700363.846
510050.SH,20140115,1.495,1.495,1.495,1.478,1.487,-0.008,-0.5351,3077824.88,457240.361
510050.SH,20140116,1.487,1.487,1.501,1.481,1.49,0.003,0.2017,3245636.9,483675.711
510050.SH,20140117,1.49,1.485,1.488,1.47,1.473,-0.017,-1.1409,3544058.52,523433.065
510050.SH,20140120,1.473,1.473,1.474,1.458,1.465,-0.008,-0.5431,3412053.58,500396.455
510050.SH,20140121,1.465,1.467,1.486,1.466,1.474,0.009,0.6143,3690792.17,545060.266
510050.SH,20140122,1.474,1.479,1.515,1.476,1.513,0.039,2.6459,5214838.68,781276.704
510050.SH,20140123,1.513,1.51,1.512,1.495,1.499,-0.014,-0.9253,2897897.04,435143.135
510050.SH,20140124,1.499,1.491,1.514,1.49,1.499,0.0,0.0,4043453.06,607367.188
510050.SH,20140127,1.499,1.49,1.492,1.475,1.478,-0.021,-1.4009,3108915.75,460747.511
510050.SH,20140128,1.478,1.48,1.491,1.477,1.486,0.008,0.5413,2622874.72,389100.481
510050.SH,20140129,1.486,1.49,1.495,1.487,1.492,0.006,0.4038,1877287.66,280036.72
510050.SH,20140130,1.492,1.49,1.49,1.475,1.475,-0.017,-1.1394,2186096.48,323531.984
510050.SH,20140207,1.475,1.465,1.473,1.459,1.472,-0.003,-0.2034,2454968.92,359660.328
510050.SH,20140210,1.472,1.477,1.503,1.477,1.501,0.029,1.9701,4603912.72,688676.136
510050.SH,20140211,1.501,1.5,1.533,1.496,1.526,0.025,1.6656,6230256.69,946090.278
510050.SH,20140212,1.526,1.528,1.535,1.519,1.522,-0.004,-0.2621,4017306.75,612908.199
510050.SH,20140213,1.522,1.52,1.545,1.516,1.527,0.005,0.3285,4563957.65,697469.513
510050.SH,20140214,1.527,1.524,1.532,1.523,1.53,0.003,0.1965,2669877.94,407706.158
510050.SH,20140217,1.53,1.545,1.546,1.526,1.534,0.004,0.2614,3874853.05,593627.29
510050.SH,20140218,1.534,1.532,1.532,1.501,1.506,-0.028,-1.8253,5157693.37,779424.865
510050.SH,20140219,1.506,1.505,1.54,1.501,1.529,0.023,1.5272,6633206.29,1006523.256
510050.SH,20140220,1.529,1.534,1.554,1.516,1.518,-0.011,-0.7194,6239637.7,958891.18
510050.SH,20140221,1.518,1.515,1.521,1.496,1.502,-0.016,-1.054,3284835.21,494993.878
510050.SH,20140224,1.502,1.488,1.488,1.458,1.467,-0.035,-2.3302,4687325.67,687948.988
510050.SH,20140225,1.467,1.467,1.474,1.436,1.44,-0.027,-1.8405,4580144.58,666755.951
510050.SH,20140226,1.44,1.432,1.446,1.429,1.44,0.0,0.0,3870572.59,556118.669
510050.SH,20140227,1.44,1.444,1.46,1.433,1.451,0.011,0.7639,4557632.49,659686.348
510050.SH,20140228,1.451,1.449,1.465,1.432,1.461,0.01,0.6892,4640179.3,673275.169
510050.SH,20140303,1.461,1.458,1.465,1.45,1.458,-0.003,-0.2053,3197736.51,465945.869
510050.SH,20140304,1.458,1.453,1.465,1.447,1.459,0.001,0.0686,3325702.43,483428.804
510050.SH,20140305,1.459,1.462,1.464,1.444,1.444,-0.015,-1.0281,2546669.18,370335.355
510050.SH,20140306,1.444,1.443,1.463,1.434,1.456,0.012,0.831,4218938.34,611837.84
510050.SH,20140307,1.456,1.455,1.47,1.449,1.452,-0.004,-0.2747,3196403.26,466433.919
510050.SH,20140310,1.452,1.443,1.444,1.406,1.408,-0.044,-3.0303,4328309.84,616112.797
510050.SH,20140311,1.408,1.408,1.421,1.402,1.41,0.002,0.142,4331396.82,610474.048
510050.SH,20140312,1.41,1.407,1.428,1.402,1.414,0.004,0.2837,4192628.49,592367.409
510050.SH,20140313,1.414,1.425,1.449,1.418,1.434,0.02,1.4144,4577672.08,657509.009
510050.SH,20140314,1.434,1.429,1.436,1.416,1.422,-0.012,-0.8368,1962094.39,279892.118
510050.SH,20140317,1.422,1.433,1.437,1.422,1.434,0.012,0.8439,2509462.01,358695.188
510050.SH,20140318,1.434,1.434,1.437,1.424,1.425,-0.009,-0.6276,2455165.77,351460.194
510050.SH,20140319,1.425,1.423,1.423,1.406,1.419,-0.006,-0.4211,3318661.95,468540.359
510050.SH,20140320,1.419,1.412,1.434,1.407,1.408,-0.011,-0.7752,3794437.59,539393.661
510050.SH,20140321,1.408,1.406,1.468,1.403,1.463,0.055,3.9063,8254679.35,1186299.476
510050.SH,20140324,1.463,1.466,1.485,1.46,1.476,0.013,0.8886,6411341.52,943671.73
510050.SH,20140325,1.476,1.47,1.482,1.463,1.465,-0.011,-0.7453,3833506.04,564014.651
510050.SH,20140326,1.465,1.472,1.477,1.46,1.463,-0.002,-0.1365,3233694.98,474356.431
510050.SH,20140327,1.463,1.46,1.485,1.45,1.464,0.001,0.0684,5460162.26,800135.226
510050.SH,20140328,1.464,1.464,1.481,1.462,1.471,0.007,0.4781,5642557.06,830738.891
510050.SH,20140331,1.471,1.475,1.476,1.454,1.464,-0.007,-0.4759,3644099.53,533626.235
510050.SH,20140401,1.464,1.464,1.479,1.459,1.469,0.005,0.3415,4460239.33,655237.313
510050.SH,20140402,1.469,1.471,1.491,1.47,1.488,0.019,1.2934,6191253.8,916803.218
510050.SH,20140403,1.488,1.495,1.502,1.475,1.475,-0.013,-0.8737,5573768.55,830863.33
510050.SH,20140404,1.475,1.473,1.489,1.466,1.488,0.013,0.8814,4910833.67,725784.725
510050.SH,20140408,1.488,1.485,1.54,1.485,1.532,0.044,2.957,8637537.91,1309810.547
510050.SH,20140409,1.532,1.534,1.536,1.524,1.528,-0.004,-0.2611,3995242.02,610611.895
510050.SH,20140410,1.528,1.529,1.585,1.519,1.567,0.039,2.5524,8763528.39,1356536.675
510050.SH,20140411,1.567,1.567,1.572,1.551,1.561,-0.006,-0.3829,5840372.37,912991.737
510050.SH,20140414,1.561,1.56,1.565,1.545,1.552,-0.009,-0.5766,4031417.3,625536.378
510050.SH,20140415,1.552,1.548,1.548,1.517,1.522,-0.03,-1.933,5013758.29,767333.213
510050.SH,20140416,1.522,1.516,1.534,1.512,1.522,0.0,0.0,4328777.15,659239.121
510050.SH,20140417,1.522,1.529,1.53,1.513,1.516,-0.006,-0.3942,3279157.07,498746.627
510050.SH,20140418,1.516,1.51,1.521,1.499,1.515,-0.001,-0.066,4687651.22,707667.117
510050.SH,20140421,1.515,1.504,1.523,1.488,1.489,-0.026,-1.7162,4504412.99,680012.152
510050.SH,20140422,1.489,1.488,1.508,1.485,1.505,0.016,1.0745,4867626.56,727546.735
510050.SH,20140423,1.505,1.5,1.513,1.498,1.505,0.0,0.0,3874782.47,583011.47
510050.SH,20140424,1.505,1.504,1.521,1.5,1.509,0.004,0.2658,3633213.64,548805.757
510050.SH,20140425,1.509,1.513,1.519,1.499,1.5,-0.009,-0.5964,3972646.96,598938.139
510050.SH,20140428,1.5,1.498,1.501,1.48,1.483,-0.017,-1.1333,3768563.9,560263.597
510050.SH,20140429,1.483,1.483,1.495,1.477,1.493,0.01,0.6743,4756283.29,705858.307
510050.SH,20140430,1.493,1.492,1.495,1.487,1.492,-0.001,-0.067,2827066.03,421572.323
510050.SH,20140505,1.492,1.489,1.49,1.471,1.483,-0.009,-0.6032,3203506.17,473297.616
510050.SH,20140506,1.483,1.479,1.495,1.478,1.481,-0.002,-0.1349,3533225.4,524334.566
510050.SH,20140507,1.481,1.478,1.481,1.471,1.473,-0.008,-0.5402,3156536.53,465920.515
510050.SH,20140508,1.473,1.471,1.496,1.469,1.476,0.003,0.2037,5251619.95,777157.303
510050.SH,20140509,1.476,1.479,1.481,1.471,1.476,0.0,0.0,4112182.99,607111.068
510050.SH,20140512,1.476,1.487,1.507,1.478,1.503,0.027,1.8293,6320713.53,946718.01
510050.SH,20140513,1.503,1.502,1.505,1.495,1.496,-0.007,-0.4657,2885662.25,432975.896
510050.SH,20140514,1.496,1.497,1.506,1.495,1.498,0.002,0.1337,2438005.48,365636.749
510050.SH,20140515,1.498,1.497,1.498,1.484,1.484,-0.014,-0.9346,3172921.16,473077.948
510050.SH,20140516,1.484,1.484,1.489,1.478,1.481,-0.003,-0.2022,2890555.48,428767.35
510050.SH,20140519,1.481,1.477,1.477,1.451,1.457,-0.024,-1.6205,4041801.85,590299.019
510050.SH,20140520,1.457,1.462,1.465,1.453,1.455,-0.002,-0.1373,2625125.61,382780.297
510050.SH,20140521,1.455,1.453,1.471,1.443,1.469,0.014,0.9622,3804168.67,555447.956
510050.SH,20140522,1.469,1.468,1.49,1.465,1.466,-0.003,-0.2042,4592448.38,678957.015
510050.SH,20140523,1.466,1.467,1.482,1.467,1.48,0.014,0.955,3675580.67,541601.183
510050.SH,20140526,1.48,1.486,1.495,1.477,1.482,0.002,0.1351,3509401.94,520775.449
510050.SH,20140527,1.482,1.483,1.486,1.476,1.478,-0.004,-0.2699,3024604.31,448050.537
510050.SH,20140528,1.478,1.478,1.49,1.47,1.488,0.01,0.6766,3661352.59,541819.249
510050.SH,20140529,1.488,1.489,1.493,1.481,1.482,-0.006,-0.4032,3611753.9,537162.815
510050.SH,20140530,1.482,1.481,1.485,1.474,1.477,-0.005,-0.3374,2964683.16,438839.628
510050.SH,20140603,1.477,1.478,1.488,1.473,1.473,-0.004,-0.2708,2742544.63,406050.614
510050.SH,20140604,1.473,1.473,1.474,1.458,1.464,-0.009,-0.611,2650250.45,388100.677
510050.SH,20140605,1.464,1.463,1.482,1.46,1.481,0.017,1.1612,2766425.1,406731.05
510050.SH,20140606,1.481,1.481,1.481,1.461,1.469,-0.012,-0.8103,2864390.52,420938.428
510050.SH,20140609,1.469,1.463,1.488,1.461,1.472,0.003,0.2042,4343781.38,640940.693
510050.SH,20140610,1.472,1.477,1.49,1.471,1.49,0.018,1.2228,4639913.39,687507.116
510050.SH,20140611,1.49,1.484,1.488,1.48,1.484,-0.006,-0.4027,3248522.47,482076.233
510050.SH,20140612,1.484,1.483,1.487,1.48,1.481,-0.003,-0.2022,2629872.73,390038.077
510050.SH,20140613,1.481,1.48,1.506,1.479,1.5,0.019,1.2829,4944423.45,739155.549
510050.SH,20140616,1.5,1.5,1.52,1.498,1.516,0.016,1.0667,6208406.29,937392.713
510050.SH,20140617,1.516,1.512,1.512,1.501,1.502,-0.014,-0.9235,4307938.01,648380.16
510050.SH,20140618,1.502,1.502,1.505,1.495,1.496,-0.006,-0.3995,3898768.48,584816.17
510050.SH,20140619,1.496,1.496,1.501,1.474,1.478,-0.018,-1.2032,4540675.01,676476.061
510050.SH,20140620,1.478,1.479,1.487,1.478,1.485,0.007,0.4736,3901800.51,578381.8
510050.SH,20140623,1.485,1.486,1.493,1.479,1.48,-0.005,-0.3367,3176789.75,472085.131
510050.SH,20140624,1.48,1.48,1.49,1.479,1.489,0.009,0.6081,2648539.94,393413.9
510050.SH,20140625,1.489,1.49,1.49,1.48,1.482,-0.007,-0.4701,2297509.73,340687.503
510050.SH,20140626,1.482,1.484,1.492,1.483,1.49,0.008,0.5398,2975574.51,443111.126
510050.SH,20140627,1.49,1.489,1.495,1.483,1.486,-0.004,-0.2685,3004422.15,446640.819
510050.SH,20140630,1.486,1.487,1.5,1.487,1.497,0.011,0.7402,4287608.79,641354.715
510050.SH,20140701,1.497,1.504,1.505,1.489,1.493,-0.004,-0.2672,2898023.03,433503.1
510050.SH,20140702,1.493,1.495,1.502,1.491,1.501,0.008,0.5358,3963056.32,592987.63
510050.SH,20140703,1.501,1.5,1.509,1.497,1.505,0.004,0.2665,4199946.34,631036.722
510050.SH,20140704,1.505,1.504,1.512,1.504,1.51,0.005,0.3322,3513339.24,530058.207
510050.SH,20140707,1.51,1.51,1.514,1.506,1.511,0.001,0.0662,2738883.63,413531.275
510050.SH,20140708,1.511,1.51,1.511,1.501,1.508,-0.003,-0.1985,2856359.87,430253.715
510050.SH,20140709,1.508,1.508,1.509,1.492,1.492,-0.016,-1.061,3796375.6,570291.714
510050.SH,20140710,1.492,1.492,1.496,1.487,1.491,-0.001,-0.067,2553578.75,381045.616
510050.SH,20140711,1.491,1.49,1.503,1.49,1.498,0.007,0.4695,2428328.32,363416.413
510050.SH,20140714,1.498,1.499,1.512,1.496,1.511,0.013,0.8678,2707445.13,407423.829
510050.SH,20140715,1.511,1.511,1.516,1.508,1.513,0.002,0.1324,2405861.86,363735.417
510050.SH,20140716,1.513,1.513,1.52,1.511,1.512,-0.001,-0.0661,2958836.11,448318.827
510050.SH,20140717,1.512,1.51,1.513,1.504,1.507,-0.005,-0.3307,2342090.08,352947.709
510050.SH,20140718,1.507,1.506,1.522,1.504,1.516,0.009,0.5972,3263895.33,494497.724
510050.SH,20140721,1.516,1.516,1.521,1.512,1.515,-0.001,-0.066,2114341.39,320497.96
510050.SH,20140722,1.515,1.512,1.537,1.511,1.533,0.018,1.1881,4232612.7,646246.317
510050.SH,20140723,1.533,1.533,1.55,1.532,1.545,0.012,0.7828,4589875.44,708467.586
510050.SH,20140724,1.545,1.545,1.584,1.545,1.58,0.035,2.2654,7566260.96,1187737.168
510050.SH,20140725,1.58,1.583,1.596,1.577,1.596,0.016,1.0127,5656655.13,896889.292
510050.SH,20140728,1.596,1.602,1.656,1.602,1.647,0.051,3.1955,10050610.1,1644656.346
510050.SH,20140729,1.647,1.648,1.658,1.641,1.65,0.003,0.1821,5268521.19,868532.503
510050.SH,20140730,1.65,1.647,1.661,1.641,1.642,-0.008,-0.4848,4601455.2,760144.455
510050.SH,20140731,1.642,1.642,1.667,1.639,1.666,0.024,1.4616,4589033.13,756910.719
510050.SH,20140801,1.666,1.66,1.682,1.648,1.649,-0.017,-1.0204,8262845.45,1376906.824
510050.SH,20140804,1.649,1.656,1.687,1.651,1.685,0.036,2.1831,7339842.08,1224977.632
510050.SH,20140805,1.685,1.686,1.687,1.663,1.672,-0.013,-0.7715,6029995.17,1009803.221
510050.SH,20140806,1.672,1.661,1.669,1.643,1.658,-0.014,-0.8373,6131152.84,1014909.743
510050.SH,20140807,1.658,1.659,1.663,1.631,1.633,-0.025,-1.5078,5552148.75,914419.257
510050.SH,20140808,1.633,1.636,1.643,1.628,1.637,0.004,0.2449,3649712.49,597020.88
510050.SH,20140811,1.637,1.644,1.664,1.64,1.659,0.022,1.3439,4941204.52,817287.836
510050.SH,20140812,1.659,1.656,1.656,1.642,1.647,-0.012,-0.7233,3174612.4,523292.361
510050.SH,20140813,1.647,1.649,1.661,1.637,1.651,0.004,0.2429,3789121.42,624291.209
510050.SH,20140814,1.651,1.652,1.655,1.637,1.637,-0.014,-0.848,3585141.46,590529.448
510050.SH,20140815,1.637,1.638,1.658,1.635,1.653,0.016,0.9774,5165035.82,851650.035
510050.SH,20140818,1.653,1.655,1.664,1.648,1.654,0.001,0.0605,4595618.02,760250.743
510050.SH,20140819,1.654,1.656,1.659,1.641,1.649,-0.005,-0.3023,3869391.91,637887.126
510050.SH,20140820,1.649,1.646,1.648,1.64,1.645,-0.004,-0.2426,3324182.53,546176.214
510050.SH,20140821,1.645,1.64,1.644,1.62,1.629,-0.016,-0.9726,4067967.09,662173.67
510050.SH,20140822,1.629,1.627,1.641,1.624,1.635,0.006,0.3683,3622208.0,591519.685
510050.SH,20140825,1.635,1.637,1.639,1.618,1.62,-0.015,-0.9174,4147209.26,673615.038
510050.SH,20140826,1.62,1.618,1.626,1.612,1.617,-0.003,-0.1852,4464261.24,723552.876
510050.SH,20140827,1.617,1.617,1.621,1.613,1.615,-0.002,-0.1237,3190482.6,515749.671
510050.SH,20140828,1.615,1.616,1.622,1.609,1.612,-0.003,-0.1858,4454642.06,719665.965
510050.SH,20140829,1.612,1.612,1.624,1.61,1.623,0.011,0.6824,4675793.61,754963.197
510050.SH,20140901,1.623,1.622,1.628,1.616,1.626,0.003,0.1848,5784079.92,938172.875
510050.SH,20140902,1.626,1.629,1.652,1.621,1.649,0.023,1.4145,6967210.07,1136437.203
510050.SH,20140903,1.649,1.655,1.671,1.652,1.667,0.018,1.0916,6670508.2,1109440.811
510050.SH,20140904,1.667,1.669,1.681,1.663,1.679,0.012,0.7199,5516804.23,920845.915
510050.SH,20140905,1.679,1.685,1.702,1.682,1.699,0.02,1.1912,5650914.78,955187.811
510050.SH,20140909,1.699,1.699,1.702,1.684,1.685,-0.014,-0.824,4845904.55,819472.815
510050.SH,20140910,1.685,1.679,1.679,1.667,1.671,-0.014,-0.8309,4882190.54,816176.29
510050.SH,20140911,1.671,1.671,1.692,1.66,1.666,-0.005,-0.2992,5793290.66,969842.811
510050.SH,20140912,1.666,1.661,1.676,1.657,1.675,0.009,0.5402,3814788.57,634937.112
510050.SH,20140915,1.675,1.663,1.672,1.656,1.669,-0.006,-0.3582,3921540.04,652433.724
510050.SH,20140916,1.669,1.67,1.672,1.642,1.644,-0.025,-1.4979,5269966.34,875710.361
510050.SH,20140917,1.644,1.651,1.654,1.64,1.648,0.004,0.2433,5191992.16,855103.921
510050.SH,20140918,1.648,1.646,1.66,1.64,1.652,0.004,0.2427,4833382.63,796889.302
510050.SH,20140919,1.652,1.652,1.667,1.648,1.665,0.013,0.7869,3946775.27,654196.292
510050.SH,20140922,1.665,1.657,1.657,1.623,1.628,-0.037,-2.2222,4186043.12,686332.79
510050.SH,20140923,1.628,1.628,1.641,1.627,1.64,0.012,0.7371,6210011.46,1014907.313
510050.SH,20140924,1.64,1.633,1.673,1.628,1.672,0.032,1.9512,6405437.88,1057707.686
510050.SH,20140925,1.672,1.68,1.682,1.66,1.661,-0.011,-0.6579,4993065.71,835049.007
510050.SH,20140926,1.661,1.659,1.664,1.649,1.662,0.001,0.0602,3564025.42,590665.035
510050.SH,20140929,1.662,1.665,1.67,1.656,1.667,0.005,0.3008,6536694.49,1086999.087
510050.SH,20140930,1.667,1.667,1.668,1.66,1.666,-0.001,-0.06,2919366.74,485736.868
510050.SH,20141008,1.666,1.668,1.676,1.66,1.676,0.01,0.6002,3875550.93,646442.887
510050.SH,20141009,1.676,1.677,1.682,1.669,1.677,0.001,0.0597,3705997.42,621396.39
510050.SH,20141010,1.677,1.667,1.674,1.661,1.664,-0.013,-0.7752,3543252.13,590741.288
510050.SH,20141013,1.664,1.66,1.66,1.641,1.653,-0.011,-0.6611,3841915.11,633072.475
510050.SH,20141014,1.653,1.648,1.66,1.639,1.643,-0.01,-0.605,3465731.65,571711.589
510050.SH,20141015,1.643,1.644,1.661,1.637,1.66,0.017,1.0347,3795353.47,625570.169
510050.SH,20141016,1.66,1.651,1.673,1.646,1.655,-0.005,-0.3012,4434016.34,735196.298
510050.SH,20141017,1.655,1.656,1.661,1.639,1.65,-0.005,-0.3021,4858931.17,801101.402
510050.SH,20141020,1.65,1.656,1.659,1.649,1.655,0.005,0.303,3309492.02,547681.59
510050.SH,20141021,1.655,1.655,1.659,1.645,1.646,-0.009,-0.5438,3482981.95,575764.661
510050.SH,20141022,1.646,1.646,1.658,1.642,1.644,-0.002,-0.1215,4046643.42,667033.963
510050.SH,20141023,1.644,1.643,1.649,1.631,1.632,-0.012,-0.7299,4219692.73,692609.304
510050.SH,20141024,1.632,1.633,1.637,1.627,1.629,-0.003,-0.1838,3660862.24,597688.932
510050.SH,20141027,1.629,1.619,1.619,1.602,1.604,-0.025,-1.5347,4368666.87,702577.526
510050.SH,20141028,1.604,1.607,1.631,1.606,1.629,0.025,1.5586,4512520.34,728946.907
510050.SH,20141029,1.629,1.636,1.661,1.631,1.651,0.022,1.3505,4288524.63,704426.482
510050.SH,20141030,1.651,1.651,1.67,1.646,1.663,0.012,0.7268,3677725.95,608861.982
510050.SH,20141031,1.663,1.669,1.715,1.669,1.705,0.042,2.5256,6673713.8,1127396.11
510050.SH,20141103,1.705,1.706,1.71,1.693,1.695,-0.01,-0.5865,4810800.54,818387.952
510050.SH,20141104,1.695,1.691,1.696,1.686,1.69,-0.005,-0.295,4357220.81,736729.317
510050.SH,20141105,1.69,1.691,1.693,1.679,1.685,-0.005,-0.2959,4160845.61,701602.458
510050.SH,20141106,1.685,1.687,1.693,1.674,1.682,-0.003,-0.178,4687573.4,788492.707
510050.SH,20141107,1.682,1.682,1.716,1.679,1.687,0.005,0.2973,5830390.95,987851.877
510050.SH,20141110,1.687,1.715,1.737,1.704,1.735,0.048,2.8453,5689841.78,978286.174
510050.SH,20141111,1.735,1.747,1.788,1.741,1.757,0.022,1.268,8497231.03,1499466.515
510050.SH,20141112,1.757,1.749,1.778,1.743,1.776,0.019,1.0814,5134096.01,901242.667
510050.SH,20141113,1.776,1.78,1.798,1.768,1.775,-0.001,-0.0563,5819074.38,1037487.282
510050.SH,20141114,1.775,1.77,1.775,1.756,1.774,-0.001,-0.0563,4877671.3,861075.833
510050.SH,20141117,1.731,1.763,1.768,1.708,1.709,-0.022,-1.2709,4279456.77,741400.523
510050.SH,20141118,1.709,1.711,1.715,1.681,1.684,-0.025,-1.4628,3831727.04,649572.162
510050.SH,20141119,1.684,1.683,1.686,1.67,1.675,-0.009,-0.5344,4272706.2,717363.442
510050.SH,20141120,1.675,1.67,1.686,1.665,1.678,0.003,0.1791,4492058.66,752844.427
510050.SH,20141121,1.678,1.68,1.723,1.673,1.72,0.042,2.503,5940909.5,1006041.717
510050.SH,20141124,1.72,1.728,1.78,1.727,1.759,0.039,2.2674,7643415.55,1337764.385
510050.SH,20141125,1.759,1.757,1.78,1.754,1.774,0.015,0.8528,7574337.05,1337877.898
510050.SH,20141126,1.774,1.782,1.816,1.782,1.816,0.042,2.3675,6305776.62,1135315.907
510050.SH,20141127,1.816,1.828,1.852,1.825,1.851,0.035,1.9273,7166362.94,1316706.945
510050.SH,20141128,1.851,1.851,1.918,1.843,1.912,0.061,3.2955,8946556.38,1678863.741
510050.SH,20141201,1.912,1.933,1.963,1.915,1.918,0.006,0.3138,9803680.36,1897567.814
510050.SH,20141202,1.918,1.907,2.043,1.906,2.023,0.105,5.4745,11910518.42,2339197.208
510050.SH,20141203,2.023,2.036,2.108,2.0,2.033,0.01,0.4943,12225523.36,2516713.017
510050.SH,20141204,2.033,2.045,2.18,2.03,2.179,0.146,7.1815,11110291.15,2340159.553
510050.SH,20141205,2.179,2.206,2.257,2.116,2.196,0.017,0.7802,16028495.99,3518247.253
510050.SH,20141208,2.196,2.175,2.329,2.143,2.312,0.116,5.2823,12162508.43,2730774.087
510050.SH,20141209,2.312,2.28,2.4,2.135,2.169,-0.143,-6.1851,15903645.44,3662076.044
510050.SH,20141210,2.169,2.186,2.247,2.101,2.239,0.07,3.2273,15965274.52,3473689.465
510050.SH,20141211,2.239,2.217,2.25,2.175,2.182,-0.057,-2.5458,12329542.33,2728103.715
510050.SH,20141212,2.182,2.182,2.234,2.161,2.182,0.0,0.0,9403561.73,2065211.585
510050.SH,20141215,2.182,2.177,2.195,2.124,2.184,0.002,0.0917,9456132.83,2036777.872
510050.SH,20141216,2.184,2.188,2.283,2.178,2.281,0.097,4.4414,13292428.49,2962819.687
510050.SH,20141217,2.281,2.3,2.369,2.28,2.356,0.075,3.288,13505754.67,3136905.582
510050.SH,20141218,2.356,2.358,2.388,2.321,2.338,-0.018,-0.764,11147140.44,2623212.422
510050.SH,20141219,2.338,2.341,2.381,2.283,2.368,0.03,1.2831,13030564.15,3047012.386
510050.SH,20141222,2.368,2.37,2.457,2.355,2.405,0.037,1.5625,14107198.86,3403547.6
510050.SH,20141223,2.405,2.378,2.44,2.33,2.353,-0.052,-2.1622,10310055.76,2463252.523
510050.SH,20141224,2.353,2.356,2.363,2.228,2.256,-0.097,-4.1224,12316173.94,2813668.681
510050.SH,20141225,2.256,2.28,2.345,2.252,2.344,0.088,3.9007,10771861.53,2483992.727
510050.SH,20141226,2.344,2.345,2.455,2.341,2.452,0.108,4.6075,13761033.77,3304446.5
510050.SH,20141229,2.452,2.51,2.534,2.42,2.459,0.007,0.2855,14977118.52,3719270.139
510050.SH,20141230,2.459,2.459,2.52,2.44,2.492,0.033,1.342,18539511.64,4596432.177
510050.SH,20141231,2.492,2.499,2.562,2.481,2.552,0.06,2.4077,17180509.6,4331522.119
510050.SH,20150105,2.552,2.58,2.655,2.555,2.622,0.07,2.7429,15964692.94,4140996.828
510050.SH,20150106,2.622,2.6,2.651,2.561,2.592,-0.03,-1.1442,15561867.68,4048279.32
510050.SH,20150107,2.592,2.575,2.622,2.558,2.588,-0.004,-0.1543,8887969.22,2301888.506
510050.SH,20150108,2.588,2.599,2.61,2.51,2.518,-0.07,-2.7048,7936624.91,2018320.287
510050.SH,20150109,2.518,2.51,2.644,2.496,2.524,0.006,0.2383,11561504.9,2961835.021
510050.SH,20150112,2.524,2.553,2.555,2.458,2.5,-0.024,-0.9509,15146453.0,3794552.985
510050.SH,20150113,2.5,2.5,2.524,2.471,2.485,-0.015,-0.6,8537998.96,2131201.111
510050.SH,20150114,2.485,2.495,2.53,2.466,2.494,0.009,0.3622,12076945.09,3022368.205
510050.SH,20150115,2.494,2.494,2.59,2.475,2.586,0.092,3.6889,19402258.8,4908509.079
510050.SH,20150116,2.586,2.598,2.634,2.581,2.604,0.018,0.6961,16932152.56,4415809.869
510050.SH,20150119,2.604,2.43,2.465,2.344,2.344,-0.26,-9.9846,18004159.51,4334764.186
510050.SH,20150120,2.344,2.341,2.4,2.316,2.361,0.017,0.7253,18381170.79,4339336.591
510050.SH,20150121,2.361,2.386,2.517,2.372,2.503,0.142,6.0144,16442956.61,4013711.061
510050.SH,20150122,2.503,2.51,2.515,2.462,2.499,-0.004,-0.1598,16531088.66,4124867.57
510050.SH,20150123,2.499,2.514,2.569,2.499,2.524,0.025,1.0004,19467750.68,4924803.551
510050.SH,20150126,2.524,2.531,2.531,2.485,2.519,-0.005,-0.1981,10965950.47,2749236.448
510050.SH,20150127,2.519,2.529,2.532,2.436,2.478,-0.041,-1.6276,13883846.9,3445722.756
510050.SH,20150128,2.478,2.452,2.493,2.435,2.442,-0.036,-1.4528,14169616.58,3479909.093
510050.SH,20150129,2.442,2.403,2.422,2.379,2.4,-0.042,-1.7199,9797907.31,2355012.996
510050.SH,20150130,2.4,2.415,2.433,2.358,2.367,-0.033,-1.375,11434916.16,2735094.419
510050.SH,20150202,2.367,2.301,2.342,2.293,2.299,-0.068,-2.8728,11763677.67,2719672.279
510050.SH,20150203,2.299,2.329,2.378,2.3,2.367,0.068,2.9578,12359149.23,2883248.272
510050.SH,20150204,2.367,2.375,2.404,2.331,2.334,-0.033,-1.3942,12441323.8,2951498.253
510050.SH,20150205,2.334,2.42,2.426,2.313,2.316,-0.018,-0.7712,15494609.73,3685168.664
510050.SH,20150206,2.316,2.311,2.333,2.27,2.291,-0.025,-1.0794,14633780.03,3379291.184
510050.SH,20150209,2.291,2.291,2.359,2.28,2.331,0.04,1.746,16392674.97,3805047.015
510050.SH,20150210,2.331,2.331,2.374,2.321,2.369,0.038,1.6302,14049515.11,3307644.647
510050.SH,20150211,2.369,2.371,2.388,2.359,2.38,0.011,0.4643,9498342.25,2254381.258
510050.SH,20150212,2.38,2.379,2.391,2.351,2.384,0.004,0.1681,7281668.21,1727233.98
510050.SH,20150213,2.384,2.39,2.429,2.382,2.39,0.006,0.2517,10730073.99,2579400.224
510050.SH,20150216,2.39,2.39,2.403,2.379,2.394,0.004,0.1674,6561740.77,1568280.912
510050.SH,20150217,2.394,2.401,2.429,2.401,2.411,0.017,0.7101,7073138.3,1708546.536
510050.SH,20150225,2.411,2.411,2.411,2.359,2.37,-0.041,-1.7005,6214187.19,1482105.89
510050.SH,20150226,2.37,2.368,2.452,2.348,2.45,0.08,3.3755,12779198.45,3073475.083
510050.SH,20150227,2.45,2.447,2.465,2.428,2.438,-0.012,-0.4898,8649075.71,2118466.989
510050.SH,20150302,2.438,2.456,2.46,2.424,2.441,0.003,0.1231,11234642.67,2743186.294
510050.SH,20150303,2.441,2.427,2.427,2.36,2.364,-0.077,-3.1544,10905397.95,2608596.595
510050.SH,20150304,2.364,2.368,2.381,2.342,2.362,-0.002,-0.0846,10776613.13,2546663.816
510050.SH,20150305,2.362,2.345,2.351,2.312,2.334,-0.028,-1.1854,11686131.98,2726749.719
510050.SH,20150306,2.334,2.335,2.361,2.333,2.339,0.005,0.2142,12732966.02,2988489.866
510050.SH,20150309,2.339,2.3,2.41,2.289,2.397,0.058,2.4797,16164937.25,3779924.698
510050.SH,20150310,2.397,2.381,2.389,2.355,2.359,-0.038,-1.5853,11403392.99,2701126.647
510050.SH,20150311,2.359,2.363,2.41,2.362,2.374,0.015,0.6359,10765567.63,2568748.644
510050.SH,20150312,2.374,2.404,2.472,2.388,2.448,0.074,3.1171,15312058.38,3717288.862
510050.SH,20150313,2.448,2.458,2.495,2.44,2.455,0.007,0.2859,12204913.31,3013068.274
510050.SH,20150316,2.455,2.472,2.513,2.451,2.51,0.055,2.2403,11598021.4,2884278.427
510050.SH,20150317,2.51,2.537,2.549,2.519,2.543,0.033,1.3147,10004521.62,2534648.607
510050.SH,20150318,2.543,2.55,2.614,2.55,2.611,0.068,2.674,11406668.57,2938701.588
510050.SH,20150319,2.611,2.604,2.61,2.575,2.587,-0.024,-0.9192,12699599.53,3289417.258
510050.SH,20150320,2.587,2.599,2.668,2.576,2.635,0.048,1.8554,11945986.45,3128225.586
510050.SH,20150323,2.635,2.656,2.683,2.647,2.676,0.041,1.556,10152759.76,2705820.545
510050.SH,20150324,2.676,2.676,2.678,2.608,2.638,-0.038,-1.42,11945935.14,3160538.969
510050.SH,20150325,2.638,2.63,2.649,2.582,2.604,-0.034,-1.2889,9765797.44,2553955.587
510050.SH,20150326,2.604,2.59,2.673,2.577,2.643,0.039,1.4977,10830227.77,2851644.197
510050.SH,20150327,2.643,2.65,2.673,2.621,2.649,0.006,0.227,6965789.15,1843611.288
510050.SH,20150330,2.649,2.674,2.752,2.661,2.74,0.091,3.4353,12115191.48,3280914.085
510050.SH,20150331,2.74,2.783,2.815,2.7,2.707,-0.033,-1.2044,11518648.01,3181426.124
510050.SH,20150401,2.707,2.713,2.767,2.71,2.753,0.046,1.6993,9343896.33,2557621.768
510050.SH,20150402,2.753,2.78,2.784,2.704,2.739,-0.014,-0.5085,7676121.02,2104261.405
510050.SH,20150403,2.739,2.726,2.776,2.724,2.773,0.034,1.2413,9358703.6,2574088.444
510050.SH,20150407,2.773,2.799,2.847,2.788,2.842,0.069,2.4883,10304750.2,2897496.074
510050.SH,20150408,2.842,2.855,2.911,2.83,2.898,0.056,1.9704,17220497.95,4946304.637
510050.SH,20150409,2.898,2.911,2.978,2.867,2.877,-0.021,-0.7246,16182811.7,4707144.145
510050.SH,20150410,2.877,2.878,2.948,2.867,2.936,0.059,2.0507,10013618.24,2907097.463
510050.SH,20150413,2.936,2.99,3.009,2.965,2.991,0.055,1.8733,11757054.04,3508368.872
510050.SH,20150414,2.991,2.991,3.024,2.966,2.999,0.008,0.2675,13417888.11,4013977.289
510050.SH,20150415,2.999,2.999,3.078,2.987,3.011,0.012,0.4001,15032584.36,4551657.902
510050.SH,20150416,3.011,3.023,3.147,2.982,3.145,0.134,4.4503,34711171.74,10678394.344
510050.SH,20150417,3.145,3.24,3.246,3.157,3.185,0.04,1.2719,30992134.3,9916762.209
510050.SH,20150420,3.185,3.203,3.232,3.09,3.103,-0.082,-2.5746,31337397.81,9929961.175
510050.SH,20150421,3.103,3.11,3.15,3.079,3.141,0.038,1.2246,15347536.6,4781424.993
510050.SH,20150422,3.141,3.171,3.248,3.147,3.241,0.1,3.1837,36471407.08,11666600.696
510050.SH,20150423,3.241,3.25,3.256,3.185,3.212,-0.029,-0.8948,18920252.27,6102634.285
510050.SH,20150424,3.212,3.172,3.192,3.103,3.171,-0.041,-1.2765,19187186.66,6048339.597
510050.SH,20150427,3.171,3.203,3.26,3.195,3.255,0.084,2.649,18274853.11,5900277.912
510050.SH,20150428,3.255,3.25,3.307,3.199,3.228,-0.027,-0.8295,23581236.62,7649837.396
510050.SH,20150429,3.228,3.22,3.246,3.187,3.22,-0.008,-0.2478,15862078.5,5104603.638
510050.SH,20150430,3.22,3.235,3.249,3.196,3.198,-0.022,-0.6832,9605573.5,3095434.331
510050.SH,20150504,3.198,3.2,3.217,3.15,3.211,0.013,0.4065,11673041.06,3722000.663
510050.SH,20150505,3.211,3.209,3.211,3.083,3.096,-0.115,-3.5814,15107108.24,4757789.593
510050.SH,20150506,3.096,3.11,3.188,3.053,3.083,-0.013,-0.4199,17619166.25,5508694.937
510050.SH,20150507,3.083,3.08,3.09,3.04,3.045,-0.038,-1.2326,15346729.32,4706121.24
510050.SH,20150508,3.045,3.071,3.078,2.991,3.055,0.01,0.3284,14426576.65,4388655.305
510050.SH,20150511,3.055,3.055,3.116,3.02,3.11,0.055,1.8003,13744906.08,4214210.585
510050.SH,20150512,3.11,3.103,3.143,3.079,3.129,0.019,0.6109,14619613.55,4551027.374
510050.SH,20150513,3.129,3.129,3.135,3.067,3.084,-0.045,-1.4382,12618065.45,3912635.585
510050.SH,20150514,3.084,3.077,3.099,3.055,3.073,-0.011,-0.3567,13294763.09,4091686.404
510050.SH,20150515,3.073,3.073,3.073,2.995,3.006,-0.067,-2.1803,18375722.36,5569371.103
510050.SH,20150518,3.006,2.98,2.999,2.945,2.946,-0.06,-1.996,13291300.43,3952731.399
510050.SH,20150519,2.946,2.946,3.073,2.94,3.066,0.12,4.0733,17438830.58,5289664.281
510050.SH,20150520,3.066,3.084,3.127,3.051,3.066,0.0,0.0,24367021.31,7524532.272
510050.SH,20150521,3.066,3.089,3.114,3.065,3.104,0.038,1.2394,10626025.26,3283826.586
510050.SH,20150522,3.104,3.139,3.201,3.118,3.199,0.095,3.0606,23736404.43,7531592.525
510050.SH,20150525,3.199,3.237,3.306,3.216,3.303,0.104,3.251,23304790.75,7608363.188
510050.SH,20150526,3.303,3.328,3.347,3.261,3.32,0.017,0.5147,18773643.93,6206152.525
510050.SH,20150527,3.32,3.334,3.351,3.266,3.285,-0.035,-1.0542,19038462.8,6288459.386
510050.SH,20150528,3.285,3.285,3.3,3.05,3.079,-0.206,-6.2709,22654285.65,7262607.738
510050.SH,20150529,3.079,3.081,3.114,2.996,3.066,-0.013,-0.4222,18680007.02,5724873.763
510050.SH,20150601,3.066,3.066,3.21,3.031,3.198,0.132,4.3053,14196628.39,4452008.177
510050.SH,20150602,3.198,3.194,3.219,3.149,3.209,0.011,0.344,12345328.15,3932798.734
510050.SH,20150603,3.209,3.205,3.213,3.147,3.191,-0.018,-0.5609,10001942.14,3184008.975
510050.SH,20150604,3.191,3.191,3.277,3.05,3.259,0.068,2.131,21038487.37,6723987.852
510050.SH,20150605,3.259,3.34,3.35,3.188,3.254,-0.005,-0.1534,18668723.59,6086798.978
510050.SH,20150608,3.254,3.28,3.448,3.256,3.427,0.173,5.3165,32458810.53,10965104.7
510050.SH,20150609,3.427,3.459,3.465,3.326,3.361,-0.066,-1.9259,33119585.34,11222739.787
510050.SH,20150610,3.361,3.316,3.375,3.291,3.32,-0.041,-1.2199,17449128.99,5814783.469
510050.SH,20150611,3.32,3.334,3.345,3.27,3.3,-0.02,-0.6024,22170885.9,7319816.202
510050.SH,20150612,3.3,3.323,3.338,3.27,3.313,0.013,0.3939,17253161.56,5707139.113
510050.SH,20150615,3.313,3.334,3.349,3.21,3.216,-0.097,-2.9279,28420111.1,9284478.509
510050.SH,20150616,3.216,3.199,3.239,3.111,3.148,-0.068,-2.1144,25005972.76,7958841.457
510050.SH,20150617,3.148,3.16,3.19,3.114,3.175,0.027,0.8577,24495889.93,7713551.688
510050.SH,20150618,3.175,3.157,3.157,3.03,3.042,-0.133,-4.189,15537653.58,4819730.19
510050.SH,20150619,3.042,3.025,3.04,2.865,2.874,-0.168,-5.5227,21222148.21,6334686.701
510050.SH,20150623,2.874,2.893,2.989,2.8,2.976,0.102,3.5491,25737114.25,7495834.453
510050.SH,20150624,2.976,2.99,3.03,2.92,3.018,0.042,1.4113,22696737.51,6764107.013
510050.SH,20150625,3.018,3.048,3.06,2.906,2.919,-0.099,-3.2803,22398613.06,6728059.139
510050.SH,20150626,2.919,2.86,2.931,2.635,2.686,-0.233,-7.9822,40919972.09,11540757.257
510050.SH,20150629,2.686,2.772,2.799,2.481,2.66,-0.026,-0.968,77379370.85,20741587.35
510050.SH,20150630,2.66,2.66,2.855,2.601,2.851,0.191,7.1805,68023663.62,18574139.197
510050.SH,20150701,2.851,2.81,2.85,2.689,2.728,-0.123,-4.3143,44334031.39,12356215.669
510050.SH,20150702,2.728,2.79,2.793,2.58,2.684,-0.044,-1.6129,58652951.81,15877853.385
510050.SH,20150703,2.684,2.657,2.728,2.5,2.579,-0.105,-3.9121,44648720.9,11699912.528
510050.SH,20150706,2.579,2.837,2.837,2.635,2.742,0.163,6.3203,91468314.3,24908825.959
510050.SH,20150707,2.742,2.682,2.82,2.607,2.79,0.048,1.7505,66501031.82,18190024.244
510050.SH,20150708,2.79,2.6,2.757,2.511,2.604,-0.186,-6.6667,70549862.15,18480241.929
510050.SH,20150709,2.604,2.529,2.856,2.477,2.792,0.188,7.2197,38934413.16,10445628.439
510050.SH,20150710,2.792,2.736,3.01,2.71,2.905,0.113,4.0473,41525733.56,12076073.512
510050.SH,20150713,2.905,2.84,2.949,2.795,2.862,-0.043,-1.4802,29219060.77,8381586.711
510050.SH,20150714,2.862,2.805,2.839,2.716,2.762,-0.1,-3.4941,22167415.08,6165300.114
510050.SH,20150715,2.762,2.731,2.777,2.665,2.749,-0.013,-0.4707,29629602.92,8041892.905
510050.SH,20150716,2.749,2.75,2.778,2.7,2.74,-0.009,-0.3274,23305909.73,6387342.832
510050.SH,20150717,2.74,2.756,2.835,2.722,2.803,0.063,2.2993,17912399.71,4969883.28
510050.SH,20150720,2.803,2.794,2.812,2.758,2.777,-0.026,-0.9276,13690408.08,3810863.975
510050.SH,20150721,2.777,2.731,2.8,2.731,2.768,-0.009,-0.3241,10213248.58,2832321.27
510050.SH,20150722,2.768,2.755,2.77,2.72,2.737,-0.031,-1.1199,8541650.37,2344990.008
510050.SH,20150723,2.737,2.737,2.796,2.737,2.794,0.057,2.0826,13379611.49,3711181.745
510050.SH,20150724,2.794,2.791,2.805,2.734,2.745,-0.049,-1.7538,10920952.6,3037606.409
510050.SH,20150727,2.745,2.721,2.722,2.49,2.494,-0.251,-9.1439,13794270.33,3624819.088
510050.SH,20150728,2.494,2.444,2.531,2.406,2.484,-0.01,-0.401,26121821.12,6459579.513
510050.SH,20150729,2.484,2.5,2.54,2.462,2.534,0.05,2.0129,10930436.57,2719347.677
510050.SH,20150730,2.534,2.524,2.548,2.46,2.469,-0.065,-2.5651,9086653.32,2294806.428
510050.SH,20150731,2.469,2.46,2.496,2.436,2.462,-0.007,-0.2835,9267302.2,2281135.142
510050.SH,20150803,2.462,2.44,2.479,2.42,2.478,0.016,0.6499,7280003.83,1781101.512
510050.SH,20150804,2.478,2.488,2.542,2.467,2.54,0.062,2.502,6892335.13,1723714.49
510050.SH,20150805,2.54,2.529,2.535,2.489,2.491,-0.049,-1.9291,6474482.27,1627673.793
510050.SH,20150806,2.491,2.466,2.508,2.451,2.471,-0.02,-0.8029,6547838.56,1625257.446
510050.SH,20150807,2.471,2.492,2.522,2.48,2.504,0.033,1.3355,7024853.53,1758489.474
510050.SH,20150810,2.504,2.522,2.63,2.515,2.616,0.112,4.4728,7033249.32,1803581.786
510050.SH,20150811,2.616,2.618,2.619,2.577,2.59,-0.026,-0.9939,4580237.43,1191425.31
510050.SH,20150812,2.59,2.568,2.6,2.556,2.564,-0.026,-1.0039,5478430.84,1411700.162
510050.SH,20150813,2.564,2.561,2.585,2.523,2.576,0.012,0.468,6611362.67,1689235.995
510050.SH,20150814,2.576,2.585,2.591,2.564,2.575,-0.001,-0.0388,5615007.64,1448097.65
510050.SH,20150817,2.575,2.56,2.561,2.524,2.548,-0.027,-1.0485,4837135.02,1229187.948
510050.SH,20150818,2.548,2.55,2.571,2.39,2.41,-0.138,-5.416,8578147.23,2156176.947
510050.SH,20150819,2.41,2.397,2.44,2.328,2.427,0.017,0.7054,14513427.21,3462093.041
510050.SH,20150820,2.427,2.401,2.42,2.36,2.361,-0.066,-2.7194,7011993.53,1677434.307
510050.SH,20150821,2.361,2.333,2.362,2.267,2.274,-0.087,-3.6849,10205282.0,2370702.076
510050.SH,20150824,2.274,2.216,2.216,2.047,2.047,-0.227,-9.9824,10185733.48,2138469.981
510050.SH,20150825,2.047,1.942,2.05,1.869,1.886,-0.161,-7.8652,19637012.98,3904806.007
510050.SH,20150826,1.886,1.939,2.034,1.879,1.946,0.06,3.1813,24642772.99,4829054.008
510050.SH,20150827,1.946,1.998,2.12,1.962,2.11,0.164,8.4275,17054224.63,3426767.783
510050.SH,20150828,2.11,2.14,2.174,2.097,2.168,0.058,2.7488,17883659.28,3812939.796
510050.SH,20150831,2.168,2.137,2.213,2.076,2.209,0.041,1.8911,12536076.08,2662268.535
510050.SH,20150901,2.209,2.152,2.244,2.103,2.228,0.019,0.8601,17867861.23,3895544.893
510050.SH,20150902,2.228,2.145,2.247,2.142,2.236,0.008,0.3591,17751740.81,3908512.705
510050.SH,20150907,2.236,2.216,2.255,2.133,2.14,-0.096,-4.2934,7018018.43,1542217.022
510050.SH,20150908,2.14,2.12,2.188,2.085,2.177,0.037,1.729,8826626.92,1884800.328
510050.SH,20150909,2.177,2.197,2.228,2.178,2.209,0.032,1.4699,7774865.72,1715405.315
510050.SH,20150910,2.209,2.182,2.219,2.178,2.206,-0.003,-0.1358,6383745.0,1404976.318
510050.SH,20150911,2.206,2.205,2.22,2.184,2.193,-0.013,-0.5893,4208978.76,927380.693
510050.SH,20150914,2.193,2.21,2.225,2.122,2.223,0.03,1.368,8682753.93,1892711.429
510050.SH,20150915,2.223,2.18,2.189,2.146,2.167,-0.056,-2.5191,7421049.18,1609690.844
510050.SH,20150916,2.167,2.169,2.285,2.143,2.242,0.075,3.461,6239540.83,1366897.993
510050.SH,20150917,2.242,2.222,2.259,2.196,2.198,-0.044,-1.9625,7234522.78,1616968.147
510050.SH,20150918,2.198,2.21,2.225,2.191,2.198,0.0,0.0,4984416.89,1101089.968
510050.SH,20150921,2.198,2.19,2.221,2.178,2.212,0.014,0.6369,3054092.3,672295.116
510050.SH,20150922,2.212,2.21,2.259,2.21,2.237,0.025,1.1302,4157248.37,931661.115
510050.SH,20150923,2.237,2.194,2.22,2.177,2.18,-0.057,-2.5481,2901948.92,637225.617
510050.SH,20150924,2.18,2.192,2.199,2.172,2.187,0.007,0.3211,1769072.9,386856.297
510050.SH,20150925,2.187,2.184,2.187,2.145,2.171,-0.016,-0.7316,2731276.98,592014.778
510050.SH,20150928,2.171,2.168,2.18,2.147,2.174,0.003,0.1382,1577215.79,341669.082
510050.SH,20150929,2.174,2.152,2.154,2.119,2.127,-0.047,-2.1619,1238566.95,264303.016
510050.SH,20150930,2.127,2.139,2.169,2.138,2.147,0.02,0.9403,1117961.25,240538.238
510050.SH,20151008,2.147,2.241,2.243,2.193,2.196,0.049,2.2823,1831017.77,405573.565
510050.SH,20151009,2.196,2.205,2.228,2.198,2.221,0.025,1.1384,1791459.05,396920.595
510050.SH,20151012,2.221,2.235,2.317,2.226,2.288,0.067,3.0167,2915809.73,663816.276
510050.SH,20151013,2.288,2.267,2.285,2.266,2.279,-0.009,-0.3934,2575451.8,586539.259
510050.SH,20151014,2.279,2.263,2.288,2.256,2.258,-0.021,-0.9215,1882636.59,428085.365
510050.SH,20151015,2.258,2.261,2.307,2.254,2.304,0.046,2.0372,3044261.99,695447.711
510050.SH,20151016,2.304,2.31,2.333,2.306,2.322,0.018,0.7813,3448540.39,800244.714
510050.SH,20151019,2.322,2.323,2.345,2.298,2.32,-0.002,-0.0861,2869684.03,667011.334
510050.SH,20151020,2.32,2.313,2.343,2.3,2.341,0.021,0.9052,2314235.04,535534.033
510050.SH,20151021,2.341,2.337,2.368,2.271,2.32,-0.021,-0.8971,4480909.21,1041480.354
510050.SH,20151022,2.32,2.325,2.338,2.3,2.333,0.013,0.5603,3204967.97,742318.487
510050.SH,20151023,2.333,2.337,2.355,2.32,2.35,0.017,0.7287,2816927.75,658982.906
510050.SH,20151026,2.35,2.38,2.385,2.331,2.35,0.0,0.0,3189778.52,754117.425
510050.SH,20151027,2.35,2.338,2.36,2.303,2.348,-0.002,-0.0851,3688488.08,859820.179
510050.SH,20151028,2.348,2.338,2.341,2.305,2.308,-0.04,-1.7036,3351762.91,780107.821
510050.SH,20151029,2.308,2.312,2.324,2.295,2.311,0.003,0.13,2210768.33,511170.113
510050.SH,20151030,2.311,2.305,2.336,2.298,2.31,-0.001,-0.0433,2298145.72,532311.463
510050.SH,20151102,2.31,2.291,2.314,2.281,2.283,-0.027,-1.1688,2335515.16,536826.691
510050.SH,20151103,2.283,2.288,2.297,2.264,2.272,-0.011,-0.4818,2240547.69,511025.876
510050.SH,20151104,2.272,2.277,2.389,2.277,2.386,0.114,5.0176,6242068.62,1463263.415
510050.SH,20151105,2.386,2.375,2.515,2.369,2.445,0.059,2.4728,7980961.27,1951571.336
510050.SH,20151106,2.445,2.441,2.506,2.422,2.499,0.054,2.2086,5376889.23,1324751.224
510050.SH,20151109,2.499,2.5,2.589,2.497,2.532,0.033,1.3205,7129335.75,1819460.027
510050.SH,20151110,2.532,2.511,2.554,2.5,2.521,-0.011,-0.4344,4001710.16,1009264.592
510050.SH,20151111,2.521,2.517,2.521,2.468,2.504,-0.017,-0.6743,3550867.14,886821.328
510050.SH,20151112,2.504,2.51,2.516,2.461,2.47,-0.034,-1.3578,2718884.7,674769.752
510050.SH,20151113,2.47,2.45,2.477,2.438,2.444,-0.026,-1.0526,2817521.16,691879.904
510050.SH,20151116,2.444,2.404,2.454,2.403,2.449,0.005,0.2046,2121028.56,515322.562
510050.SH,20151117,2.449,2.46,2.512,2.445,2.45,0.001,0.0408,3474785.2,861444.801
510050.SH,20151118,2.45,2.451,2.47,2.431,2.438,-0.012,-0.4898,2628234.87,643874.7
510050.SH,20151119,2.438,2.441,2.475,2.434,2.471,0.033,1.3536,2482182.36,608490.337
510050.SH,20151120,2.471,2.469,2.48,2.453,2.459,-0.012,-0.4856,2392857.11,590227.591
510050.SH,20151123,2.459,2.458,2.481,2.42,2.45,-0.009,-0.366,2273019.16,559200.132
510050.SH,20151124,2.45,2.445,2.445,2.417,2.444,-0.006,-0.2449,2498985.6,608210.335
510050.SH,20151125,2.444,2.435,2.459,2.423,2.454,0.01,0.4092,3903089.21,951282.005
510050.SH,20151126,2.454,2.47,2.478,2.443,2.447,-0.007,-0.2852,2908015.5,715689.385
510050.SH,20151127,2.447,2.435,2.439,2.296,2.318,-0.129,-5.2718,4906738.83,1157861.026
510050.SH,20151130,2.318,2.326,2.345,2.285,2.329,0.011,0.4745,3545086.66,822706.899
510050.SH,20151201,2.329,2.33,2.367,2.309,2.339,0.01,0.4294,2875615.54,670301.217
510050.SH,20151202,2.339,2.335,2.468,2.332,2.462,0.123,5.2587,6575116.92,1583352.202
510050.SH,20151203,2.462,2.452,2.476,2.421,2.46,-0.002,-0.0812,4932606.53,1209805.299
510050.SH,20151204,2.46,2.434,2.443,2.387,2.398,-0.062,-2.5203,3904298.28,940898.56
510050.SH,20151207,2.398,2.397,2.411,2.376,2.39,-0.008,-0.3336,2874676.02,687342.228
510050.SH,20151208,2.39,2.375,2.39,2.351,2.366,-0.024,-1.0042,3401550.76,805506.36
510050.SH,20151209,2.366,2.361,2.386,2.353,2.369,0.003,0.1268,3177739.96,753118.599
510050.SH,20151210,2.369,2.372,2.405,2.347,2.355,-0.014,-0.591,3142619.47,746648.488
510050.SH,20151211,2.355,2.342,2.358,2.321,2.344,-0.011,-0.4671,2490440.91,582669.154
510050.SH,20151214,2.344,2.323,2.42,2.319,2.415,0.071,3.029,3719823.84,879489.76
510050.SH,20151215,2.415,2.403,2.409,2.369,2.382,-0.033,-1.3665,3147911.24,751845.576
510050.SH,20151216,2.382,2.386,2.394,2.366,2.372,-0.01,-0.4198,2422531.09,577047.111
510050.SH,20151217,2.372,2.384,2.425,2.383,2.401,0.029,1.2226,3806959.94,914671.555
510050.SH,20151218,2.401,2.396,2.458,2.393,2.422,0.021,0.8746,4619023.35,1121429.051
510050.SH,20151221,2.422,2.407,2.511,2.405,2.499,0.077,3.1792,6689579.13,1655026.337
510050.SH,20151222,2.499,2.496,2.503,2.472,2.49,-0.009,-0.3601,3163661.94,786752.424
510050.SH,20151223,2.49,2.49,2.545,2.485,2.499,0.009,0.3614,7109971.79,1784668.988
510050.SH,20151224,2.499,2.496,2.499,2.45,2.478,-0.021,-0.8403,3871870.62,958156.827
510050.SH,20151225,2.478,2.48,2.493,2.47,2.486,0.008,0.3228,1735857.89,430786.858
510050.SH,20151228,2.486,2.487,2.495,2.408,2.412,-0.074,-2.9767,2740406.18,670217.662
510050.SH,20151229,2.412,2.411,2.434,2.406,2.432,0.02,0.8292,2969462.84,718736.233
510050.SH,20151230,2.432,2.433,2.434,2.395,2.424,-0.008,-0.3289,2753570.9,664689.596
510050.SH,20151231,2.424,2.418,2.434,2.405,2.416,-0.008,-0.33,3458720.7,837061.955
510050.SH,20160104,2.416,2.411,2.413,2.271,2.278,-0.138,-5.7119,2985469.54,703760.451
510050.SH,20160105,2.278,2.26,2.311,2.23,2.286,0.008,0.3512,6456995.81,1473642.292
510050.SH,20160106,2.286,2.29,2.32,2.275,2.317,0.031,1.3561,4009534.04,921398.473
510050.SH,20160107,2.317,2.286,2.286,2.165,2.177,-0.14,-6.0423,891669.22,199851.686
510050.SH,20160108,2.177,2.236,2.259,2.156,2.219,0.042,1.9293,5766769.37,1279000.234
510050.SH,20160111,2.219,2.18,2.204,2.123,2.125,-0.094,-4.2361,6332308.58,1370198.234
510050.SH,20160112,2.125,2.14,2.155,2.117,2.131,0.006,0.2824,4518035.41,966065.884
510050.SH,20160113,2.131,2.153,2.165,2.11,2.112,-0.019,-0.8916,5630807.56,1206024.179
510050.SH,20160114,2.112,2.075,2.139,2.06,2.131,0.019,0.8996,6241159.75,1311296.332
510050.SH,20160115,2.131,2.12,2.131,2.06,2.07,-0.061,-2.8625,5071113.75,1062633.608
510050.SH,20160118,2.07,2.04,2.096,2.037,2.07,0.0,0.0,3894069.01,807679.185
510050.SH,20160119,2.07,2.07,2.142,2.061,2.13,0.06,2.8986,5158725.48,1087729.552
510050.SH,20160120,2.13,2.117,2.125,2.072,2.091,-0.039,-1.831,3494118.75,734513.531
510050.SH,20160121,2.091,2.075,2.117,2.04,2.043,-0.048,-2.2956,3438259.98,715622.054
510050.SH,20160122,2.043,2.065,2.079,2.031,2.067,0.024,1.1747,3583318.12,737375.435
510050.SH,20160125,2.067,2.07,2.078,2.054,2.065,-0.002,-0.0968,1971928.52,407438.313
510050.SH,20160126,2.065,2.052,2.056,1.95,1.958,-0.107,-5.1816,4167637.28,834831.478
510050.SH,20160127,1.958,1.965,1.975,1.918,1.957,-0.001,-0.0511,5166376.44,1007226.972
510050.SH,20160128,1.957,1.943,1.968,1.906,1.915,-0.042,-2.1461,3889436.65,755063.502
510050.SH,20160129,1.915,1.918,1.995,1.918,1.975,0.06,3.1332,4292173.25,842926.914
510050.SH,20160201,1.975,1.974,1.977,1.925,1.942,-0.033,-1.6709,2164566.17,421762.636
510050.SH,20160202,1.942,1.942,1.983,1.939,1.975,0.033,1.6993,2590861.86,509738.871
510050.SH,20160203,1.975,1.955,1.962,1.932,1.953,-0.022,-1.1139,2402730.15,467505.881
510050.SH,20160204,1.953,1.964,1.985,1.96,1.978,0.025,1.2801,2943647.65,580570.759
510050.SH,20160205,1.978,1.977,1.982,1.965,1.968,-0.01,-0.5056,2783073.94,548767.77
510050.SH,20160215,1.968,1.925,1.959,1.919,1.949,-0.019,-0.9654,2458719.52,476558.09
510050.SH,20160216,1.949,1.956,2.006,1.955,2.001,0.052,2.668,2937698.54,585025.787
510050.SH,20160217,2.001,1.999,2.021,1.995,2.013,0.012,0.5997,2718905.95,546408.434
510050.SH,20160218,2.013,2.023,2.035,2.008,2.011,-0.002,-0.0994,2101384.56,424778.009
510050.SH,20160219,2.011,2.008,2.016,1.994,2.006,-0.005,-0.2486,2029129.67,406839.283
510050.SH,20160222,2.006,2.024,2.065,2.015,2.054,0.048,2.3928,3946413.26,804270.366
510050.SH,20160223,2.054,2.052,2.053,2.016,2.03,-0.024,-1.1685,2233689.8,453973.044
510050.SH,20160224,2.03,2.024,2.043,2.009,2.039,0.009,0.4433,2961720.79,600965.767
510050.SH,20160225,2.039,2.033,2.036,1.914,1.936,-0.103,-5.0515,3761393.4,744375.52
510050.SH,20160226,1.936,1.946,1.966,1.93,1.956,0.02,1.0331,4191622.19,817819.086
510050.SH,20160229,1.956,1.947,1.955,1.89,1.937,-0.019,-0.9714,4246989.81,815890.025
510050.SH,20160301,1.937,1.94,1.991,1.929,1.971,0.034,1.7553,3402613.79,665828.723
510050.SH,20160302,1.971,1.974,2.056,1.974,2.049,0.078,3.9574,4373685.83,884244.004
510050.SH,20160303,2.049,2.044,2.061,2.035,2.053,0.004,0.1952,3456580.49,708318.094
510050.SH,20160304,2.053,2.046,2.13,2.04,2.122,0.069,3.3609,6550957.84,1368994.68
510050.SH,20160307,2.122,2.12,2.14,2.096,2.111,-0.011,-0.5184,4325792.16,915445.864
510050.SH,20160308,2.111,2.104,2.117,2.035,2.115,0.004,0.1895,4214339.99,873018.382
510050.SH,20160309,2.115,2.072,2.11,2.052,2.107,-0.008,-0.3783,4519536.45,938589.375
510050.SH,20160310,2.107,2.084,2.106,2.055,2.059,-0.048,-2.2781,2962009.33,617764.7
510050.SH,20160311,2.059,2.042,2.071,2.039,2.066,0.007,0.34,3466691.13,712909.607
510050.SH,20160314,2.066,2.081,2.12,2.072,2.076,0.01,0.484,3263170.38,683955.102
510050.SH,20160315,2.076,2.075,2.104,2.055,2.098,0.022,1.0597,4111974.97,856660.295
510050.SH,20160316,2.098,2.085,2.141,2.082,2.135,0.037,1.7636,4941515.82,1050081.584
510050.SH,20160317,2.135,2.131,2.159,2.111,2.132,-0.003,-0.1405,3819977.32,815888.902
510050.SH,20160318,2.132,2.135,2.167,2.131,2.14,0.008,0.3752,5378710.58,1155122.415
510050.SH,20160321,2.14,2.16,2.215,2.154,2.192,0.052,2.4299,7063211.92,1546431.565
510050.SH,20160322,2.192,2.185,2.193,2.165,2.169,-0.023,-1.0493,4337330.13,945064.157
510050.SH,20160323,2.169,2.164,2.186,2.154,2.171,0.002,0.0922,5923528.19,1283219.124
510050.SH,20160324,2.171,2.161,2.161,2.136,2.14,-0.031,-1.4279,3390856.23,727963.216
510050.SH,20160325,2.14,2.138,2.157,2.135,2.145,0.005,0.2336,3952447.52,847518.459
510050.SH,20160328,2.145,2.152,2.168,2.117,2.121,-0.024,-1.1189,3292481.97,705448.359
510050.SH,20160329,2.121,2.125,2.136,2.098,2.104,-0.017,-0.8015,4026092.67,851243.809
510050.SH,20160330,2.104,2.121,2.162,2.121,2.158,0.054,2.5665,3516452.65,754214.899
510050.SH,20160331,2.158,2.164,2.171,2.146,2.156,-0.002,-0.0927,2462077.41,531522.727
510050.SH,20160401,2.156,2.152,2.166,2.116,2.165,0.009,0.4174,3467697.46,745360.354
510050.SH,20160405,2.165,2.152,2.189,2.146,2.175,0.01,0.4619,4033006.88,876822.489
510050.SH,20160406,2.175,2.168,2.175,2.157,2.165,-0.01,-0.4598,2193315.55,475108.314
510050.SH,20160407,2.165,2.17,2.177,2.136,2.139,-0.026,-1.2009,2350029.2,505503.939
510050.SH,20160408,2.139,2.128,2.134,2.112,2.124,-0.015,-0.7013,2713618.24,576541.114
510050.SH,20160411,2.124,2.139,2.166,2.139,2.144,0.02,0.9416,2882288.54,620823.119
510050.SH,20160412,2.144,2.144,2.149,2.133,2.142,-0.002,-0.0933,1774047.65,379581.451
510050.SH,20160413,2.142,2.154,2.197,2.154,2.168,0.026,1.2138,5480353.17,1195900.106
510050.SH,20160414,2.168,2.179,2.19,2.164,2.174,0.006,0.2768,3061830.7,666019.637
510050.SH,20160415,2.174,2.178,2.186,2.17,2.178,0.004,0.184,3050963.92,664278.6
510050.SH,20160418,2.178,2.163,2.171,2.15,2.154,-0.024,-1.1019,2191771.8,473288.109
510050.SH,20160419,2.154,2.167,2.17,2.153,2.161,0.007,0.325,2058694.78,444328.416
510050.SH,20160420,2.161,2.164,2.169,2.093,2.148,-0.013,-0.6016,5753600.42,1225701.355
510050.SH,20160421,2.148,2.134,2.169,2.129,2.146,-0.002,-0.0931,3490579.16,751276.764
510050.SH,20160422,2.146,2.133,2.159,2.121,2.156,0.01,0.466,2487581.55,535247.59
510050.SH,20160425,2.156,2.149,2.154,2.12,2.145,-0.011,-0.5102,1898352.04,406432.949
510050.SH,20160426,2.145,2.143,2.163,2.137,2.152,0.007,0.3263,1749271.64,375911.47
510050.SH,20160427,2.152,2.153,2.156,2.14,2.144,-0.008,-0.3717,1482272.4,318530.564
510050.SH,20160428,2.144,2.145,2.154,2.131,2.142,-0.002,-0.0933,1717320.75,368024.979
510050.SH,20160429,2.142,2.133,2.144,2.132,2.135,-0.007,-0.3268,1248875.42,267143.131
510050.SH,20160503,2.135,2.137,2.168,2.127,2.159,0.024,1.1241,2528151.04,544978.429
510050.SH,20160504,2.159,2.152,2.158,2.145,2.153,-0.006,-0.2779,1244277.47,267714.478
510050.SH,20160505,2.153,2.145,2.152,2.143,2.151,-0.002,-0.0929,1031108.56,221442.963
510050.SH,20160506,2.151,2.151,2.153,2.1,2.103,-0.048,-2.2315,2658437.31,566508.057
510050.SH,20160509,2.103,2.097,2.101,2.064,2.071,-0.032,-1.5216,3442924.67,716575.961
510050.SH,20160510,2.071,2.067,2.083,2.064,2.07,-0.001,-0.0483,1560353.2,323652.183
510050.SH,20160511,2.07,2.076,2.09,2.067,2.077,0.007,0.3382,1441010.41,299410.777
510050.SH,20160512,2.077,2.069,2.089,2.056,2.083,0.006,0.2889,1336796.31,277384.936
510050.SH,20160513,2.083,2.07,2.089,2.07,2.079,-0.004,-0.192,941263.03,195919.916
510050.SH,20160516,2.079,2.068,2.085,2.062,2.081,0.002,0.0962,1261020.17,261761.631
510050.SH,20160517,2.081,2.082,2.087,2.069,2.077,-0.004,-0.1922,1091505.7,226682.673
510050.SH,20160518,2.077,2.07,2.083,2.052,2.078,0.001,0.0481,3188517.17,658974.127
510050.SH,20160519,2.078,2.071,2.085,2.069,2.072,-0.006,-0.2887,827861.96,171969.403
510050.SH,20160520,2.072,2.065,2.084,2.065,2.083,0.011,0.5309,946322.82,196673.052
510050.SH,20160523,2.083,2.084,2.099,2.079,2.084,0.001,0.048,1206061.56,251858.773
510050.SH,20160524,2.084,2.081,2.081,2.066,2.069,-0.015,-0.7198,1744282.1,361361.073
510050.SH,20160525,2.069,2.076,2.085,2.071,2.074,0.005,0.2417,1182057.92,245572.2
510050.SH,20160526,2.074,2.076,2.086,2.062,2.074,0.0,0.0,1151169.2,238605.251
510050.SH,20160527,2.074,2.075,2.084,2.07,2.078,0.004,0.1929,1124549.74,233450.343
510050.SH,20160530,2.078,2.076,2.094,2.065,2.089,0.011,0.5294,1591087.71,331658.034
510050.SH,20160531,2.089,2.091,2.161,2.091,2.16,0.071,3.3988,5842395.17,1252137.529
510050.SH,20160601,2.16,2.16,2.162,2.142,2.142,-0.018,-0.8333,2625484.9,564498.989
510050.SH,20160602,2.142,2.14,2.149,2.131,2.14,-0.002,-0.0934,1487011.34,318129.523
510050.SH,20160603,2.14,2.142,2.158,2.137,2.154,0.014,0.6542,2080395.04,446731.858
510050.SH,20160606,2.154,2.154,2.158,2.137,2.141,-0.013,-0.6035,1351637.76,289763.568
510050.SH,20160607,2.141,2.145,2.15,2.14,2.143,0.002,0.0934,1182076.93,253440.864
510050.SH,20160608,2.143,2.143,2.146,2.13,2.139,-0.004,-0.1867,917264.77,196021.945
510050.SH,20160613,2.139,2.123,2.126,2.087,2.088,-0.051,-2.3843,2547582.77,537797.136
510050.SH,20160614,2.088,2.087,2.104,2.086,2.101,0.013,0.6226,1234242.65,258758.217
510050.SH,20160615,2.101,2.08,2.122,2.077,2.109,0.008,0.3808,2028556.97,426938.724
510050.SH,20160616,2.109,2.1,2.11,2.097,2.102,-0.007,-0.3319,1243704.4,261720.124
510050.SH,20160617,2.102,2.107,2.125,2.106,2.109,0.007,0.333,2166510.97,458576.64
510050.SH,20160620,2.109,2.115,2.118,2.102,2.114,0.005,0.2371,1212975.14,256033.857
510050.SH,20160621,2.114,2.119,2.141,2.11,2.112,-0.002,-0.0946,1611718.61,342244.844
510050.SH,20160622,2.112,2.11,2.126,2.106,2.124,0.012,0.5682,1748766.12,370432.495
510050.SH,20160623,2.124,2.126,2.127,2.107,2.116,-0.008,-0.3766,1000646.0,211711.636
510050.SH,20160624,2.116,2.113,2.127,2.068,2.09,-0.026,-1.2287,2138533.83,449350.245
510050.SH,20160627,2.09,2.09,2.112,2.087,2.111,0.021,1.0048,1943116.6,409063.811
510050.SH,20160628,2.111,2.106,2.119,2.098,2.117,0.006,0.2842,1449451.86,305469.295
510050.SH,20160629,2.117,2.119,2.138,2.119,2.135,0.018,0.8503,1905644.91,406090.263
510050.SH,20160630,2.135,2.14,2.146,2.136,2.136,0.001,0.0468,1254970.25,268751.877
510050.SH,20160701,2.136,2.142,2.149,2.141,2.142,0.006,0.2809,1144361.79,245450.903
510050.SH,20160704,2.142,2.141,2.186,2.137,2.177,0.035,1.634,2056830.19,446441.009
510050.SH,20160705,2.177,2.175,2.193,2.175,2.185,0.008,0.3675,1729523.48,377638.845
510050.SH,20160706,2.185,2.177,2.186,2.167,2.184,-0.001,-0.0458,1664278.32,362355.146
510050.SH,20160707,2.184,2.182,2.196,2.174,2.189,0.005,0.2289,1194146.25,260924.492
510050.SH,20160708,2.189,2.184,2.187,2.176,2.177,-0.012,-0.5482,983801.57,214456.153
510050.SH,20160711,2.177,2.181,2.208,2.181,2.188,0.011,0.5053,1321293.13,290204.345
510050.SH,20160712,2.188,2.188,2.235,2.188,2.233,0.045,2.0567,2940528.1,650660.174
510050.SH,20160713,2.233,2.237,2.266,2.233,2.236,0.003,0.1343,4764777.33,1069761.626
510050.SH,20160714,2.236,2.237,2.239,2.22,2.233,-0.003,-0.1342,2473531.86,552365.652
510050.SH,20160715,2.233,2.235,2.242,2.227,2.236,0.003,0.1343,3047614.37,681314.944
510050.SH,20160718,2.236,2.235,2.247,2.227,2.228,-0.008,-0.3578,2190945.05,489701.956
510050.SH,20160719,2.228,2.226,2.235,2.205,2.216,-0.012,-0.5386,1971320.24,437073.21
510050.SH,20160720,2.216,2.216,2.222,2.207,2.209,-0.007,-0.3159,1319933.5,292105.743
510050.SH,20160721,2.209,2.211,2.228,2.211,2.22,0.011,0.498,1429531.1,317500.367
510050.SH,20160722,2.22,2.218,2.222,2.199,2.2,-0.02,-0.9009,1017700.91,224642.09
510050.SH,20160725,2.2,2.199,2.21,2.197,2.201,0.001,0.0455,1008017.94,222103.185
510050.SH,20160726,2.201,2.201,2.229,2.197,2.227,0.026,1.1813,1914550.33,424591.601
510050.SH,20160727,2.227,2.228,2.232,2.172,2.215,-0.012,-0.5388,2926171.12,644322.778
510050.SH,20160728,2.215,2.203,2.218,2.193,2.211,-0.004,-0.1806,1235216.0,272776.381
510050.SH,20160729,2.211,2.209,2.212,2.195,2.201,-0.01,-0.4523,855808.4,188705.231
510050.SH,20160801,2.201,2.199,2.2,2.182,2.19,-0.011,-0.4998,1451769.21,318100.802
510050.SH,20160802,2.19,2.191,2.198,2.182,2.19,0.0,0.0,877795.01,192184.803
510050.SH,20160803,2.19,2.188,2.193,2.181,2.188,-0.002,-0.0913,901834.85,197289.822
510050.SH,20160804,2.188,2.187,2.189,2.172,2.186,-0.002,-0.0914,994114.0,216850.335
510050.SH,20160805,2.186,2.186,2.205,2.181,2.195,0.009,0.4117,1112996.03,244169.03
510050.SH,20160808,2.195,2.196,2.206,2.185,2.204,0.009,0.41,880394.3,193385.523
510050.SH,20160809,2.204,2.201,2.223,2.201,2.221,0.017,0.7713,1118268.52,247515.348
510050.SH,20160810,2.221,2.222,2.223,2.213,2.216,-0.005,-0.2251,1338665.47,296933.615
510050.SH,20160811,2.216,2.216,2.256,2.212,2.223,0.007,0.3159,2626153.65,587454.178
510050.SH,20160812,2.223,2.223,2.273,2.222,2.272,0.049,2.2042,2974616.95,669346.8
510050.SH,20160815,2.272,2.276,2.368,2.273,2.336,0.064,2.8169,5412527.37,1263106.491
510050.SH,20160816,2.336,2.34,2.352,2.304,2.306,-0.03,-1.2842,5259624.6,1220321.073
510050.SH,20160817,2.306,2.308,2.321,2.291,2.3,-0.006,-0.2602,2314969.83,533492.477
510050.SH,20160818,2.3,2.301,2.322,2.283,2.29,-0.01,-0.4348,2289851.1,527631.727
510050.SH,20160819,2.29,2.289,2.305,2.281,2.301,0.011,0.4803,1559685.67,357684.903
510050.SH,20160822,2.301,2.3,2.304,2.283,2.287,-0.014,-0.6084,1500541.74,343831.079
510050.SH,20160823,2.287,2.288,2.307,2.282,2.29,0.003,0.1312,2340447.05,536802.344
510050.SH,20160824,2.29,2.292,2.301,2.274,2.28,-0.01,-0.4367,2091216.0,477294.909
510050.SH,20160825,2.28,2.275,2.275,2.254,2.269,-0.011,-0.4825,1869078.55,423605.339
510050.SH,20160826,2.269,2.272,2.282,2.265,2.267,-0.002,-0.0881,1549018.02,352254.518
510050.SH,20160829,2.267,2.267,2.269,2.254,2.265,-0.002,-0.0882,1196589.02,270828.94
510050.SH,20160830,2.265,2.266,2.282,2.266,2.276,0.011,0.4857,1486517.62,337808.028
510050.SH,20160831,2.276,2.275,2.289,2.27,2.284,0.008,0.3515,1942188.99,442888.671
510050.SH,20160901,2.284,2.284,2.286,2.267,2.268,-0.016,-0.7005,1331148.76,303099.987
510050.SH,20160902,2.268,2.268,2.28,2.265,2.279,0.011,0.485,1711015.01,388870.655
510050.SH,20160905,2.279,2.281,2.296,2.278,2.28,0.001,0.0439,1713722.2,391319.553
510050.SH,20160906,2.28,2.28,2.295,2.267,2.286,0.006,0.2632,1692879.34,386432.421
510050.SH,20160907,2.286,2.286,2.3,2.285,2.29,0.004,0.175,2938161.18,673816.76
510050.SH,20160908,2.29,2.287,2.292,2.284,2.29,0.0,0.0,1191994.92,272687.753
510050.SH,20160909,2.29,2.288,2.293,2.275,2.28,-0.01,-0.4367,1081196.78,247313.791
510050.SH,20160912,2.28,2.247,2.255,2.23,2.25,-0.03,-1.3158,3454826.71,774263.669
510050.SH,20160913,2.25,2.248,2.25,2.238,2.242,-0.008,-0.3556,1424014.87,319381.64
510050.SH,20160914,2.242,2.234,2.238,2.225,2.229,-0.013,-0.5798,1506998.21,336257.115
510050.SH,20160919,2.229,2.229,2.245,2.228,2.242,0.013,0.5832,1063911.38,238257.401
510050.SH,20160920,2.242,2.241,2.243,2.234,2.239,-0.003,-0.1338,804570.42,180024.685
510050.SH,20160921,2.239,2.237,2.245,2.236,2.243,0.004,0.1787,1107122.22,247995.144
510050.SH,20160922,2.243,2.249,2.266,2.248,2.255,0.012,0.535,1405734.26,317247.021
510050.SH,20160923,2.255,2.255,2.258,2.248,2.249,-0.006,-0.2661,1042780.49,235008.969
510050.SH,20160926,2.249,2.245,2.246,2.22,2.222,-0.027,-1.2005,2170055.17,485127.358
510050.SH,20160927,2.222,2.22,2.234,2.219,2.229,0.007,0.315,988029.48,220020.211
510050.SH,20160928,2.229,2.231,2.232,2.218,2.219,-0.01,-0.4486,1195647.36,265966.884
510050.SH,20160929,2.219,2.224,2.239,2.224,2.23,0.011,0.4957,1010064.07,225529.44
510050.SH,20160930,2.23,2.225,2.238,2.225,2.235,0.005,0.2242,1274905.13,284913.647
510050.SH,20161010,2.235,2.246,2.267,2.243,2.262,0.027,1.2081,1141358.34,257341.662
510050.SH,20161011,2.262,2.262,2.268,2.258,2.265,0.003,0.1326,1331115.93,301259.065
510050.SH,20161012,2.265,2.26,2.261,2.254,2.257,-0.008,-0.3532,1030107.76,232606.505
510050.SH,20161013,2.257,2.254,2.263,2.254,2.257,0.0,0.0,784097.11,176956.364
510050.SH,20161014,2.257,2.257,2.271,2.251,2.266,0.009,0.3988,1144170.97,258723.924
510050.SH,20161017,2.266,2.269,2.269,2.246,2.25,-0.016,-0.7061,1215437.26,274697.51
510050.SH,20161018,2.25,2.247,2.284,2.246,2.282,0.032,1.4222,1689088.06,382795.422
510050.SH,20161019,2.282,2.282,2.288,2.276,2.279,-0.003,-0.1315,1109992.2,253195.091
510050.SH,20161020,2.279,2.278,2.285,2.276,2.28,0.001,0.0439,1035051.57,235931.475
510050.SH,20161021,2.28,2.28,2.302,2.275,2.295,0.015,0.6579,1777797.58,407072.522
510050.SH,20161024,2.295,2.294,2.343,2.294,2.324,0.029,1.2636,3893178.13,904622.159
510050.SH,20161025,2.324,2.325,2.328,2.315,2.319,-0.005,-0.2151,2463381.65,571569.829
510050.SH,20161026,2.319,2.319,2.322,2.309,2.311,-0.008,-0.345,1934679.73,448208.298
510050.SH,20161027,2.311,2.31,2.311,2.3,2.305,-0.006,-0.2596,1739054.25,400792.628
510050.SH,20161028,2.305,2.305,2.329,2.305,2.307,0.002,0.0868,3028056.17,700997.575
510050.SH,20161031,2.307,2.306,2.307,2.289,2.305,-0.002,-0.0867,1240292.44,285065.904
510050.SH,20161101,2.305,2.304,2.316,2.301,2.316,0.011,0.4772,1399906.34,323638.315
510050.SH,20161102,2.316,2.311,2.312,2.298,2.3,-0.016,-0.6908,1459249.6,336171.157
510050.SH,20161103,2.3,2.297,2.339,2.294,2.327,0.027,1.1739,2594712.2,601527.366
510050.SH,20161104,2.327,2.325,2.339,2.321,2.324,-0.003,-0.1289,1310305.35,305352.445
510050.SH,20161107,2.324,2.324,2.334,2.321,2.33,0.006,0.2582,943443.16,219573.733
510050.SH,20161108,2.33,2.336,2.351,2.33,2.338,0.008,0.3433,1458718.21,341373.003
510050.SH,20161109,2.338,2.337,2.337,2.299,2.32,-0.018,-0.7699,2622338.54,607962.232
510050.SH,20161110,2.32,2.332,2.351,2.332,2.344,0.024,1.0345,1742958.84,408363.468
510050.SH,20161111,2.344,2.339,2.371,2.337,2.363,0.019,0.8106,3591485.92,847232.9
510050.SH,20161114,2.363,2.358,2.395,2.356,2.374,0.011,0.4655,3284321.67,779989.59
510050.SH,20161115,2.374,2.37,2.374,2.361,2.366,-0.008,-0.337,1339446.67,316967.642
510050.SH,20161116,2.366,2.367,2.37,2.358,2.361,-0.005,-0.2113,1349158.21,318801.802
510050.SH,20161117,2.361,2.36,2.37,2.35,2.369,0.008,0.3388,1252760.1,295789.112
510050.SH,20161118,2.369,2.37,2.378,2.358,2.363,-0.006,-0.2533,1437971.0,340715.047
510050.SH,20161121,2.363,2.359,2.406,2.359,2.39,0.027,1.1426,3171603.1,757536.893
510050.SH,20161122,2.39,2.388,2.412,2.387,2.408,0.018,0.7531,2669513.09,641724.28
510050.SH,20161123,2.408,2.409,2.431,2.404,2.415,0.007,0.2907,2154154.97,521172.448
510050.SH,20161124,2.415,2.411,2.436,2.409,2.425,0.01,0.4141,2144528.69,519405.381
510050.SH,20161125,2.425,2.425,2.453,2.41,2.451,0.026,1.0722,2797375.07,679471.52
510050.SH,20161128,2.451,2.46,2.485,2.455,2.46,0.009,0.3672,2694263.11,665255.111
510050.SH,20161129,2.407,2.403,2.459,2.396,2.446,0.039,1.6203,3430981.93,834698.51
510050.SH,20161130,2.446,2.439,2.449,2.411,2.419,-0.027,-1.1038,5571959.63,1352489.245
510050.SH,20161201,2.419,2.424,2.45,2.418,2.433,0.014,0.5788,3458103.22,841660.729
510050.SH,20161202,2.433,2.432,2.433,2.403,2.416,-0.017,-0.6987,3598342.82,869541.739
510050.SH,20161205,2.416,2.392,2.393,2.364,2.373,-0.043,-1.7798,4557022.57,1083013.12
510050.SH,20161206,2.373,2.372,2.383,2.367,2.368,-0.005,-0.2107,2033863.91,483001.676
510050.SH,20161207,2.368,2.368,2.376,2.361,2.375,0.007,0.2956,2104626.91,498753.666
510050.SH,20161208,2.375,2.379,2.388,2.375,2.38,0.005,0.2105,2303045.69,548100.604
510050.SH,20161209,2.38,2.378,2.421,2.372,2.413,0.033,1.3866,3626518.28,870848.654
510050.SH,20161212,2.413,2.412,2.426,2.366,2.386,-0.027,-1.1189,5934859.09,1417710.194
510050.SH,20161213,2.386,2.377,2.382,2.36,2.371,-0.015,-0.6287,3478672.03,824986.574
510050.SH,20161214,2.371,2.372,2.385,2.359,2.36,-0.011,-0.4639,2541497.55,603286.432
510050.SH,20161215,2.36,2.353,2.355,2.273,2.308,-0.052,-2.2034,4081803.64,949245.201
510050.SH,20161216,2.308,2.307,2.317,2.3,2.301,-0.007,-0.3033,2069360.2,477342.534
510050.SH,20161219,2.301,2.299,2.305,2.288,2.293,-0.008,-0.3477,2027300.64,465444.738
510050.SH,20161220,2.293,2.293,2.296,2.263,2.281,-0.012,-0.5233,2181082.04,496352.195
510050.SH,20161221,2.281,2.284,2.307,2.284,2.298,0.017,0.7453,3288750.26,755605.388
510050.SH,20161222,2.298,2.297,2.299,2.282,2.292,-0.006,-0.2611,1293380.51,296329.083
510050.SH,20161223,2.292,2.29,2.293,2.273,2.279,-0.013,-0.5672,1589925.61,362728.294
510050.SH,20161226,2.279,2.266,2.301,2.256,2.298,0.019,0.8337,3005143.73,684120.186
510050.SH,20161227,2.298,2.297,2.304,2.287,2.289,-0.009,-0.3916,1829392.86,420150.294
510050.SH,20161228,2.289,2.287,2.293,2.272,2.278,-0.011,-0.4806,2137651.94,487391.375
510050.SH,20161229,2.278,2.275,2.287,2.268,2.278,0.0,0.0,2142421.65,488255.156
510050.SH,20161230,2.278,2.277,2.29,2.276,2.287,0.009,0.3951,2386427.44,544894.006
510050.SH,20170103,2.287,2.285,2.314,2.285,2.307,0.02,0.8745,2716432.43,626330.162
510050.SH,20170104,2.307,2.304,2.325,2.304,2.325,0.018,0.7802,2243780.29,519611.102
510050.SH,20170105,2.325,2.323,2.328,2.317,2.322,-0.003,-0.129,1653052.62,383888.793
510050.SH,20170106,2.322,2.322,2.326,2.312,2.314,-0.008,-0.3445,1093260.29,253554.525
510050.SH,20170109,2.314,2.312,2.324,2.308,2.319,0.005,0.2161,1460191.12,338284.574
510050.SH,20170110,2.319,2.315,2.322,2.31,2.313,-0.006,-0.2587,1182091.4,273842.11
510050.SH,20170111,2.313,2.314,2.319,2.301,2.303,-0.01,-0.4323,1804038.45,416669.178
510050.SH,20170112,2.303,2.301,2.31,2.295,2.296,-0.007,-0.304,1581768.59,364393.793
510050.SH,20170113,2.296,2.295,2.317,2.293,2.31,0.014,0.6098,1652974.29,380903.097
510050.SH,20170116,2.31,2.308,2.344,2.286,2.339,0.029,1.2554,4368298.46,1011597.198
510050.SH,20170117,2.339,2.329,2.335,2.322,2.329,-0.01,-0.4275,1401623.55,326502.132
510050.SH,20170118,2.329,2.328,2.352,2.328,2.344,0.015,0.6441,1859741.69,435818.334
510050.SH,20170119,2.344,2.341,2.352,2.332,2.334,-0.01,-0.4266,2441889.56,572063.104
510050.SH,20170120,2.334,2.335,2.353,2.334,2.349,0.015,0.6427,1844401.99,432369.727
510050.SH,20170123,2.349,2.35,2.361,2.343,2.348,-0.001,-0.0426,3139089.19,738503.644
510050.SH,20170124,2.348,2.349,2.356,2.345,2.354,0.006,0.2555,1769305.07,415918.129
510050.SH,20170125,2.354,2.351,2.36,2.345,2.357,0.003,0.1274,1647286.09,387625.966
510050.SH,20170126,2.357,2.361,2.372,2.359,2.366,0.009,0.3818,1961230.92,464155.92
510050.SH,20170203,2.366,2.367,2.37,2.339,2.342,-0.024,-1.0144,1455852.65,342111.875
510050.SH,20170206,2.342,2.345,2.351,2.336,2.343,0.001,0.0427,1548299.19,362763.938
510050.SH,20170207,2.343,2.343,2.347,2.331,2.335,-0.008,-0.3414,1408960.42,329417.249
510050.SH,20170208,2.335,2.335,2.349,2.324,2.348,0.013,0.5567,1684464.97,393493.921
510050.SH,20170209,2.348,2.348,2.365,2.342,2.354,0.006,0.2555,2331212.95,548962.391
510050.SH,20170210,2.354,2.356,2.372,2.355,2.366,0.012,0.5098,2733694.3,646491.032
510050.SH,20170213,2.366,2.367,2.381,2.367,2.378,0.012,0.5072,2488312.05,591160.947
510050.SH,20170214,2.378,2.377,2.379,2.367,2.37,-0.008,-0.3364,1415678.86,335864.319
510050.SH,20170215,2.37,2.37,2.382,2.368,2.369,-0.001,-0.0422,1377216.47,327203.562
510050.SH,20170216,2.369,2.369,2.376,2.366,2.372,0.003,0.1266,1157874.48,274568.384
510050.SH,20170217,2.372,2.375,2.386,2.36,2.361,-0.011,-0.4637,1968658.07,467512.548
510050.SH,20170220,2.361,2.362,2.396,2.362,2.395,0.034,1.4401,4045643.98,963865.183
510050.SH,20170221,2.395,2.395,2.407,2.39,2.393,-0.002,-0.0835,2494719.53,598279.404
510050.SH,20170222,2.393,2.393,2.398,2.388,2.396,0.003,0.1254,2137838.81,511390.078
510050.SH,20170223,2.396,2.395,2.4,2.38,2.387,-0.009,-0.3756,1483924.31,354492.716
510050.SH,20170224,2.387,2.386,2.386,2.374,2.385,-0.002,-0.0838,2544948.33,605779.061
510050.SH,20170227,2.385,2.383,2.384,2.363,2.367,-0.018,-0.7547,1819209.49,432164.374
510050.SH,20170228,2.367,2.366,2.377,2.362,2.368,0.001,0.0422,1632510.33,386531.983
510050.SH,20170301,2.368,2.37,2.381,2.366,2.368,0.0,0.0,2103578.22,499053.102
510050.SH,20170302,2.368,2.373,2.379,2.351,2.353,-0.015,-0.6334,1443827.55,341537.364
510050.SH,20170303,2.353,2.35,2.35,2.339,2.343,-0.01,-0.425,1382678.54,324034.92
510050.SH,20170306,2.343,2.344,2.354,2.341,2.349,0.006,0.2561,1559258.79,365903.393
510050.SH,20170307,2.349,2.346,2.354,2.345,2.354,0.005,0.2129,1412334.9,331732.369
510050.SH,20170308,2.354,2.353,2.36,2.349,2.355,0.001,0.0425,1131251.53,266420.757
510050.SH,20170309,2.355,2.351,2.352,2.332,2.343,-0.012,-0.5096,1477523.91,345712.056
510050.SH,20170310,2.343,2.341,2.344,2.335,2.335,-0.008,-0.3414,950259.62,222241.43
510050.SH,20170313,2.335,2.334,2.356,2.327,2.355,0.02,0.8565,1606165.7,376838.823
510050.SH,20170314,2.355,2.355,2.357,2.347,2.351,-0.004,-0.1699,778545.52,183189.202
510050.SH,20170315,2.351,2.348,2.355,2.344,2.354,0.003,0.1276,1037653.94,243874.806
510050.SH,20170316,2.354,2.361,2.376,2.36,2.369,0.015,0.6372,1887140.94,447005.089
510050.SH,20170317,2.369,2.371,2.372,2.338,2.343,-0.026,-1.0975,2173504.73,512665.503
510050.SH,20170320,2.343,2.348,2.353,2.338,2.347,0.004,0.1707,997252.92,233947.113
510050.SH,20170321,2.347,2.347,2.355,2.345,2.353,0.006,0.2556,1873622.76,440152.252
510050.SH,20170322,2.353,2.345,2.349,2.329,2.336,-0.017,-0.7225,2182631.56,510055.729
510050.SH,20170323,2.336,2.335,2.353,2.334,2.344,0.008,0.3425,1361271.11,319000.297
510050.SH,20170324,2.344,2.346,2.371,2.341,2.364,0.02,0.8532,1946965.69,458191.46
510050.SH,20170327,2.364,2.364,2.377,2.358,2.36,-0.004,-0.1692,1740014.81,412091.432
510050.SH,20170328,2.36,2.363,2.366,2.352,2.354,-0.006,-0.2542,1670864.77,393928.592
510050.SH,20170329,2.354,2.356,2.361,2.347,2.352,-0.002,-0.085,1392728.31,328018.12
510050.SH,20170330,2.352,2.351,2.356,2.335,2.343,-0.009,-0.3827,2658567.84,622998.005
510050.SH,20170331,2.343,2.341,2.358,2.341,2.356,0.013,0.5548,1710043.21,402125.55
510050.SH,20170405,2.356,2.366,2.383,2.363,2.382,0.026,1.1036,1852731.34,440025.325
510050.SH,20170406,2.382,2.383,2.39,2.372,2.384,0.002,0.084,2820088.77,671762.803
510050.SH,20170407,2.384,2.385,2.39,2.375,2.384,0.0,0.0,1548983.68,369035.94
510050.SH,20170410,2.384,2.384,2.388,2.377,2.377,-0.007,-0.2936,1296305.97,308739.449
510050.SH,20170411,2.377,2.374,2.383,2.354,2.378,0.001,0.0421,2574388.02,609633.421
510050.SH,20170412,2.378,2.375,2.382,2.361,2.374,-0.004,-0.1682,1530671.04,363534.272
510050.SH,20170413,2.374,2.37,2.375,2.365,2.367,-0.007,-0.2949,1756562.66,416071.549
510050.SH,20170414,2.367,2.366,2.367,2.345,2.35,-0.017,-0.7182,2096911.65,493751.968
510050.SH,20170417,2.35,2.348,2.356,2.337,2.353,0.003,0.1277,2794262.09,655265.124
510050.SH,20170418,2.353,2.35,2.351,2.336,2.338,-0.015,-0.6375,1423344.7,333776.998
510050.SH,20170419,2.338,2.333,2.335,2.313,2.322,-0.016,-0.6843,3465282.23,805082.762
510050.SH,20170420,2.322,2.32,2.333,2.32,2.331,0.009,0.3876,1851907.84,430719.32
510050.SH,20170421,2.331,2.332,2.346,2.33,2.341,0.01,0.429,2031211.27,474885.246
510050.SH,20170424,2.341,2.342,2.343,2.323,2.336,-0.005,-0.2136,2487214.1,579523.992
510050.SH,20170425,2.336,2.334,2.344,2.334,2.342,0.006,0.2568,1745779.87,408621.367
510050.SH,20170426,2.342,2.342,2.356,2.339,2.339,-0.003,-0.1281,2282894.91,535630.461
510050.SH,20170427,2.339,2.336,2.347,2.326,2.344,0.005,0.2138,1543849.13,360522.222
510050.SH,20170428,2.344,2.343,2.344,2.33,2.34,-0.004,-0.1706,1834581.74,428708.586
510050.SH,20170502,2.34,2.338,2.345,2.332,2.332,-0.008,-0.3419,820257.98,191857.354
510050.SH,20170503,2.332,2.332,2.338,2.324,2.325,-0.007,-0.3002,1594104.51,371363.612
510050.SH,20170504,2.325,2.324,2.33,2.314,2.32,-0.005,-0.2151,1792657.14,416001.123
510050.SH,20170505,2.32,2.317,2.318,2.296,2.313,-0.007,-0.3017,2671015.77,616193.678
510050.SH,20170508,2.313,2.307,2.32,2.298,2.318,0.005,0.2162,3890832.66,898767.926
510050.SH,20170509,2.318,2.312,2.319,2.31,2.315,-0.003,-0.1294,1456514.77,337121.159
510050.SH,20170510,2.315,2.316,2.332,2.316,2.321,0.006,0.2592,2566048.88,596815.56
510050.SH,20170511,2.321,2.316,2.337,2.315,2.334,0.013,0.5601,2921606.13,679858.476
510050.SH,20170512,2.334,2.331,2.37,2.331,2.37,0.036,1.5424,5479669.83,1292245.511
510050.SH,20170515,2.37,2.374,2.389,2.372,2.374,0.004,0.1688,1804525.89,429557.309
510050.SH,20170516,2.374,2.368,2.379,2.36,2.379,0.005,0.2106,1872077.28,443240.905
510050.SH,20170517,2.379,2.375,2.378,2.357,2.358,-0.021,-0.8827,1570248.42,371254.876
510050.SH,20170518,2.358,2.347,2.357,2.344,2.35,-0.008,-0.3393,1901212.11,447008.176
510050.SH,20170519,2.35,2.349,2.357,2.347,2.355,0.005,0.2128,1394331.23,328209.327
510050.SH,20170522,2.355,2.356,2.377,2.354,2.373,0.018,0.7643,2710722.01,641943.72
510050.SH,20170523,2.373,2.37,2.404,2.37,2.403,0.03,1.2642,4897236.91,1171074.128
510050.SH,20170524,2.403,2.401,2.406,2.379,2.399,-0.004,-0.1665,2836901.13,678155.349
510050.SH,20170525,2.399,2.394,2.477,2.393,2.47,0.071,2.9596,4586789.47,1120059.729
510050.SH,20170526,2.47,2.464,2.481,2.454,2.466,-0.004,-0.1619,2042687.1,504004.88
510050.SH,20170531,2.466,2.471,2.5,2.455,2.475,0.009,0.365,2429730.35,601892.73
510050.SH,20170601,2.475,2.472,2.493,2.458,2.49,0.015,0.6061,1880518.76,466017.585
510050.SH,20170602,2.49,2.49,2.494,2.466,2.47,-0.02,-0.8032,2081019.94,515903.877
510050.SH,20170605,2.47,2.46,2.469,2.439,2.442,-0.028,-1.1336,2236129.54,547064.792
510050.SH,20170606,2.442,2.439,2.462,2.439,2.457,0.015,0.6143,2596411.98,636737.599
510050.SH,20170607,2.457,2.46,2.49,2.457,2.48,0.023,0.9361,2287067.49,566547.58
510050.SH,20170608,2.48,2.478,2.506,2.471,2.501,0.021,0.8468,2505981.5,623395.986
510050.SH,20170609,2.501,2.5,2.533,2.5,2.517,0.016,0.6397,3358548.76,846437.756
510050.SH,20170612,2.517,2.511,2.541,2.507,2.514,-0.003,-0.1192,2400504.17,605919.107
510050.SH,20170613,2.514,2.51,2.514,2.493,2.512,-0.002,-0.0796,2253672.63,564894.073
510050.SH,20170614,2.512,2.51,2.51,2.479,2.482,-0.03,-1.1943,2865079.21,713097.826
510050.SH,20170615,2.482,2.479,2.489,2.459,2.465,-0.017,-0.6849,3417638.76,843876.082
510050.SH,20170616,2.465,2.465,2.477,2.455,2.46,-0.005,-0.2028,2421800.63,597936.179
510050.SH,20170619,2.46,2.461,2.499,2.461,2.497,0.037,1.5041,2588611.73,643698.527
510050.SH,20170620,2.497,2.5,2.506,2.478,2.483,-0.014,-0.5607,1787608.7,444674.563
510050.SH,20170621,2.483,2.498,2.51,2.476,2.509,0.026,1.0471,3144251.6,784552.428
510050.SH,20170622,2.509,2.504,2.555,2.493,2.524,0.015,0.5978,5262391.23,1331571.257
510050.SH,20170623,2.524,2.519,2.544,2.508,2.543,0.019,0.7528,2881168.56,727611.538
510050.SH,20170626,2.543,2.544,2.57,2.542,2.554,0.011,0.4326,3383752.82,865557.808
510050.SH,20170627,2.554,2.55,2.568,2.541,2.564,0.01,0.3915,3131230.76,798792.323
510050.SH,20170628,2.564,2.558,2.57,2.547,2.548,-0.016,-0.624,2585744.19,661507.49
510050.SH,20170629,2.548,2.551,2.566,2.544,2.565,0.017,0.6672,1889145.56,482832.285
510050.SH,20170630,2.565,2.552,2.564,2.547,2.558,-0.007,-0.2729,1796644.71,459093.56
510050.SH,20170703,2.558,2.562,2.563,2.533,2.543,-0.015,-0.5864,1763846.55,448670.07
510050.SH,20170704,2.543,2.541,2.546,2.518,2.52,-0.023,-0.9044,2422040.84,611710.897
510050.SH,20170705,2.52,2.519,2.566,2.518,2.563,0.043,1.7063,2455481.73,624557.876
510050.SH,20170706,2.563,2.557,2.578,2.549,2.567,0.004,0.1561,2155174.15,552379.766
510050.SH,20170707,2.567,2.563,2.569,2.551,2.561,-0.006,-0.2337,2380477.27,609064.81
510050.SH,20170710,2.561,2.559,2.582,2.554,2.575,0.014,0.5467,2457108.97,632294.05
510050.SH,20170711,2.575,2.573,2.625,2.572,2.604,0.029,1.1262,3741320.73,973481.005
510050.SH,20170712,2.604,2.601,2.636,2.588,2.597,-0.007,-0.2688,3300303.16,862912.043
510050.SH,20170713,2.597,2.601,2.639,2.597,2.638,0.041,1.5787,3178567.11,833342.746
510050.SH,20170714,2.638,2.64,2.666,2.631,2.665,0.027,1.0235,2483724.6,657625.261
510050.SH,20170717,2.665,2.668,2.705,2.637,2.669,0.004,0.1501,7414212.46,1982213.051
510050.SH,20170718,2.669,2.661,2.68,2.635,2.659,-0.01,-0.3747,5012166.93,1332585.903
510050.SH,20170719,2.659,2.66,2.703,2.659,2.702,0.043,1.6171,4137178.13,1111089.333
510050.SH,20170720,2.702,2.698,2.711,2.687,2.71,0.008,0.2961,4311090.86,1162782.113
510050.SH,20170721,2.71,2.7,2.704,2.676,2.68,-0.03,-1.107,3724236.35,1003156.64
510050.SH,20170724,2.68,2.674,2.71,2.674,2.7,0.02,0.7463,3115064.1,840334.899
510050.SH,20170725,2.7,2.7,2.71,2.681,2.683,-0.017,-0.6296,3742524.78,1009062.254
510050.SH,20170726,2.683,2.682,2.705,2.66,2.677,-0.006,-0.2236,4600481.31,1232188.007
510050.SH,20170727,2.677,2.673,2.685,2.656,2.677,0.0,0.0,2331159.2,622126.836
510050.SH,20170728,2.677,2.673,2.686,2.665,2.68,0.003,0.1121,1610682.64,431091.446
510050.SH,20170731,2.68,2.678,2.692,2.671,2.682,0.002,0.0746,2307538.67,619016.748
510050.SH,20170801,2.682,2.684,2.725,2.681,2.724,0.042,1.566,3144038.58,851505.649
510050.SH,20170802,2.724,2.725,2.742,2.72,2.728,0.004,0.1468,3308423.99,903398.752
510050.SH,20170803,2.728,2.724,2.737,2.689,2.689,-0.039,-1.4296,4339767.51,1177029.802
510050.SH,20170804,2.689,2.687,2.699,2.67,2.671,-0.018,-0.6694,2245588.53,603190.552
510050.SH,20170807,2.671,2.667,2.689,2.659,2.679,0.008,0.2995,1938120.21,518280.896
510050.SH,20170808,2.679,2.679,2.686,2.666,2.682,0.003,0.112,1451225.73,388381.988
510050.SH,20170809,2.682,2.678,2.68,2.662,2.664,-0.018,-0.6711,2038579.42,544395.764
510050.SH,20170810,2.664,2.663,2.682,2.636,2.655,-0.009,-0.3378,3478412.37,923917.043
510050.SH,20170811,2.655,2.639,2.647,2.61,2.613,-0.042,-1.5819,3271999.01,858942.038
510050.SH,20170814,2.613,2.618,2.644,2.613,2.635,0.022,0.8419,3423437.3,900227.536
510050.SH,20170815,2.635,2.638,2.668,2.635,2.651,0.016,0.6072,3522193.18,935916.272
510050.SH,20170816,2.651,2.646,2.649,2.631,2.64,-0.011,-0.4149,1779781.71,469575.47
510050.SH,20170817,2.64,2.643,2.655,2.637,2.652,0.012,0.4545,1425335.58,377434.915
510050.SH,20170818,2.652,2.644,2.67,2.641,2.664,0.012,0.4525,2771559.32,736443.817
510050.SH,20170821,2.664,2.666,2.679,2.656,2.663,-0.001,-0.0375,2303134.35,613895.616
510050.SH,20170822,2.663,2.668,2.69,2.663,2.689,0.026,0.9763,3995656.54,1069243.705
510050.SH,20170823,2.689,2.689,2.721,2.686,2.708,0.019,0.7066,3033890.92,820917.331
510050.SH,20170824,2.708,2.709,2.724,2.69,2.698,-0.01,-0.3693,2450098.89,662794.932
510050.SH,20170825,2.698,2.697,2.759,2.695,2.757,0.059,2.1868,4899013.66,1341031.73
510050.SH,20170828,2.757,2.765,2.818,2.765,2.788,0.031,1.1244,5554768.65,1551719.21
510050.SH,20170829,2.788,2.786,2.797,2.777,2.789,0.001,0.0359,3519969.25,980874.792
510050.SH,20170830,2.789,2.788,2.813,2.771,2.774,-0.015,-0.5378,3649440.01,1019236.22
510050.SH,20170831,2.774,2.778,2.787,2.753,2.766,-0.008,-0.2884,5842383.27,1615413.586
510050.SH,20170901,2.766,2.765,2.785,2.752,2.76,-0.006,-0.2169,4044970.28,1119582.562
510050.SH,20170904,2.76,2.758,2.766,2.745,2.764,0.004,0.1449,2968715.01,818298.908
510050.SH,20170905,2.764,2.763,2.793,2.763,2.782,0.018,0.6512,3175202.71,881639.715
510050.SH,20170906,2.782,2.775,2.778,2.757,2.764,-0.018,-0.647,3091919.76,855409.418
510050.SH,20170907,2.764,2.767,2.772,2.74,2.743,-0.021,-0.7598,2675442.88,737847.09
510050.SH,20170908,2.743,2.744,2.753,2.73,2.738,-0.005,-0.1823,1906751.41,522797.028
510050.SH,20170911,2.738,2.744,2.762,2.726,2.73,-0.008,-0.2922,3864359.42,1059500.054
510050.SH,20170912,2.73,2.735,2.749,2.726,2.746,0.016,0.5861,3787961.32,1036486.704
510050.SH,20170913,2.746,2.744,2.746,2.73,2.739,-0.007,-0.2549,3070605.83,840991.788
510050.SH,20170914,2.739,2.74,2.746,2.715,2.722,-0.017,-0.6207,2794696.17,762805.558
510050.SH,20170915,2.722,2.721,2.729,2.711,2.722,0.0,0.0,2610550.82,710081.234
510050.SH,20170918,2.722,2.724,2.747,2.724,2.729,0.007,0.2572,3199706.91,875334.839
510050.SH,20170919,2.729,2.731,2.738,2.71,2.72,-0.009,-0.3298,3095470.0,843077.912
510050.SH,20170920,2.72,2.718,2.727,2.712,2.717,-0.003,-0.1103,2210194.52,601113.718
510050.SH,20170921,2.717,2.716,2.743,2.712,2.728,0.011,0.4049,2760949.52,752931.508
510050.SH,20170922,2.728,2.723,2.737,2.714,2.729,0.001,0.0367,2745850.65,748261.03
510050.SH,20170925,2.729,2.722,2.733,2.717,2.729,0.0,0.0,3447473.0,939970.633
510050.SH,20170926,2.729,2.727,2.735,2.724,2.731,0.002,0.0733,2489844.8,679930.009
510050.SH,20170927,2.731,2.73,2.73,2.71,2.711,-0.02,-0.7323,6482281.0,1762188.432
510050.SH,20170928,2.711,2.711,2.716,2.704,2.715,0.004,0.1475,2659988.72,720843.993
510050.SH,20170929,2.715,2.717,2.735,2.716,2.726,0.011,0.4052,4708403.24,1285131.965
510050.SH,20171009,2.726,2.788,2.799,2.743,2.75,0.024,0.8804,5753671.64,1594735.054
510050.SH,20171010,2.75,2.749,2.764,2.728,2.746,-0.004,-0.1455,5950614.55,1630410.615
510050.SH,20171011,2.746,2.747,2.768,2.746,2.762,0.016,0.5827,3333772.02,919223.942
510050.SH,20171012,2.762,2.76,2.777,2.754,2.773,0.011,0.3983,2035754.04,563156.715
510050.SH,20171013,2.773,2.772,2.775,2.766,2.771,-0.002,-0.0721,1618771.1,448532.364
510050.SH,20171016,2.771,2.77,2.793,2.77,2.781,0.01,0.3609,3127203.49,870273.124
510050.SH,20171017,2.781,2.78,2.786,2.772,2.779,-0.002,-0.0719,2424663.18,673853.132
510050.SH,20171018,2.779,2.779,2.805,2.777,2.802,0.023,0.8276,6735698.32,1880157.944
510050.SH,20171019,2.802,2.801,2.807,2.797,2.806,0.004,0.1428,3276864.41,918435.306
510050.SH,20171020,2.806,2.8,2.8,2.788,2.79,-0.016,-0.5702,1827301.39,510153.664
510050.SH,20171023,2.79,2.795,2.798,2.783,2.791,0.001,0.0358,2383304.78,664897.947
510050.SH,20171024,2.791,2.785,2.813,2.785,2.806,0.015,0.5374,5566144.44,1560121.894
510050.SH,20171025,2.806,2.805,2.809,2.798,2.802,-0.004,-0.1426,3599678.79,1009114.451
510050.SH,20171026,2.802,2.808,2.843,2.804,2.827,0.025,0.8922,5212543.66,1472197.243
510050.SH,20171027,2.827,2.827,2.874,2.823,2.873,0.046,1.6272,3332629.36,949395.897
510050.SH,20171030,2.873,2.871,2.876,2.835,2.861,-0.012,-0.4177,5200350.3,1484354.162
510050.SH,20171031,2.861,2.852,2.852,2.84,2.851,-0.01,-0.3495,2181659.28,620794.163
510050.SH,20171101,2.851,2.851,2.87,2.836,2.842,-0.009,-0.3157,3781253.64,1078666.947
510050.SH,20171102,2.842,2.838,2.848,2.827,2.847,0.005,0.1759,4102266.75,1163057.145
510050.SH,20171103,2.847,2.844,2.855,2.826,2.851,0.004,0.1405,5519149.02,1567597.933
510050.SH,20171106,2.851,2.846,2.848,2.83,2.843,-0.008,-0.2806,2854825.5,810443.077
510050.SH,20171107,2.843,2.843,2.883,2.843,2.875,0.032,1.1256,6218318.6,1784292.76
510050.SH,20171108,2.875,2.874,2.899,2.867,2.874,-0.001,-0.0348,5710532.4,1644910.059
510050.SH,20171109,2.874,2.871,2.886,2.865,2.885,0.011,0.3827,4269429.19,1226904.798
510050.SH,20171110,2.885,2.883,2.922,2.88,2.918,0.033,1.1438,6372702.53,1847851.071
510050.SH,20171113,2.918,2.921,2.939,2.918,2.928,0.01,0.3427,2990331.78,876122.558
510050.SH,20171114,2.928,2.929,2.935,2.91,2.913,-0.015,-0.5123,4718732.53,1376845.137
510050.SH,20171115,2.913,2.906,2.917,2.896,2.901,-0.012,-0.4119,5185719.85,1505444.521
510050.SH,20171116,2.901,2.895,2.935,2.893,2.932,0.031,1.0686,4311724.92,1257602.101
510050.SH,20171117,2.932,2.925,2.993,2.923,2.99,0.058,1.9782,9210089.32,2723057.023
510050.SH,20171120,2.99,2.977,2.996,2.953,2.996,0.006,0.2007,5980591.78,1778111.161
510050.SH,20171121,2.996,2.985,3.071,2.981,3.046,0.05,1.6689,8072463.9,2454631.041
510050.SH,20171122,3.046,3.055,3.094,3.046,3.067,0.021,0.6894,6521079.08,2002279.539
510050.SH,20171123,3.067,3.062,3.076,2.968,2.991,-0.076,-2.478,10107565.87,3061423.992
510050.SH,20171124,2.991,2.987,3.004,2.963,2.99,-0.001,-0.0334,5941973.03,1771682.846
510050.SH,20171127,2.99,2.983,2.989,2.939,2.966,-0.024,-0.8027,6937885.36,2053789.717
510050.SH,20171128,2.912,2.909,2.91,2.876,2.896,-0.016,-0.5495,5085750.1,1472221.711
510050.SH,20171129,2.896,2.903,2.915,2.858,2.89,-0.006,-0.2072,4044882.35,1167154.68
510050.SH,20171130,2.89,2.88,2.898,2.85,2.858,-0.032,-1.1073,6357419.08,1825466.242
510050.SH,20171201,2.858,2.86,2.867,2.832,2.838,-0.02,-0.6998,4639455.91,1320220.344
510050.SH,20171204,2.838,2.828,2.868,2.82,2.858,0.02,0.7047,2938001.99,837777.504
510050.SH,20171205,2.858,2.85,2.92,2.847,2.908,0.05,1.7495,8923698.59,2581142.589
510050.SH,20171206,2.908,2.899,2.899,2.843,2.871,-0.037,-1.2724,4660555.6,1340233.057
510050.SH,20171207,2.871,2.87,2.877,2.826,2.844,-0.027,-0.9404,5970121.35,1699303.808
510050.SH,20171208,2.844,2.839,2.874,2.832,2.865,0.021,0.7384,4890595.88,1395786.224
510050.SH,20171211,2.865,2.865,2.899,2.856,2.898,0.033,1.1518,3870458.92,1114818.405
510050.SH,20171212,2.898,2.896,2.902,2.845,2.846,-0.052,-1.7943,3941618.35,1133773.016
510050.SH,20171213,2.846,2.85,2.878,2.836,2.87,0.024,0.8433,5433994.04,1552969.482
510050.SH,20171214,2.87,2.87,2.878,2.842,2.85,-0.02,-0.6969,4566913.39,1303628.49
510050.SH,20171215,2.85,2.843,2.848,2.814,2.816,-0.034,-1.193,4522940.42,1279876.829
510050.SH,20171218,2.816,2.815,2.843,2.815,2.828,0.012,0.4261,4561371.1,1290558.354
510050.SH,20171219,2.828,2.829,2.871,2.828,2.87,0.042,1.4851,5188905.47,1482025.037
510050.SH,20171220,2.87,2.87,2.885,2.861,2.876,0.006,0.2091,4072171.49,1169432.847
510050.SH,20171221,2.876,2.87,2.908,2.86,2.893,0.017,0.5911,5742876.41,1661198.953
510050.SH,20171222,2.893,2.887,2.898,2.874,2.878,-0.015,-0.5185,4101170.75,1184147.248
510050.SH,20171225,2.878,2.877,2.914,2.866,2.876,-0.002,-0.0695,5042697.83,1457666.986
510050.SH,20171226,2.876,2.877,2.897,2.866,2.893,0.017,0.5911,4927680.34,1420345.129
510050.SH,20171227,2.893,2.888,2.893,2.827,2.834,-0.059,-2.0394,8582376.84,2450851.505
510050.SH,20171228,2.834,2.838,2.87,2.829,2.855,0.021,0.741,4516756.8,1288132.419
510050.SH,20171229,2.855,2.858,2.874,2.848,2.858,0.003,0.1051,2741056.61,783342.458
510050.SH,20180102,2.858,2.864,2.909,2.862,2.907,0.049,1.7145,4776970.12,1383492.08
510050.SH,20180103,2.907,2.909,2.945,2.906,2.912,0.005,0.172,5708742.97,1668821.383
510050.SH,20180104,2.912,2.913,2.932,2.909,2.919,0.007,0.2404,3084130.84,900344.767
510050.SH,20180105,2.919,2.921,2.938,2.916,2.933,0.014,0.4796,3220088.3,942526.28
510050.SH,20180108,2.933,2.927,2.951,2.925,2.944,0.011,0.375,3125530.92,918485.934
510050.SH,20180109,2.944,2.942,2.97,2.941,2.97,0.026,0.8832,3097112.43,916676.148
510050.SH,20180110,2.97,2.967,2.996,2.96,2.994,0.024,0.8081,4779056.89,1423989.574
510050.SH,20180111,2.994,2.988,3.005,2.979,2.991,-0.003,-0.1002,3227392.87,965216.953
510050.SH,20180112,2.991,2.991,3.02,2.991,3.018,0.027,0.9027,3187761.74,957658.309
510050.SH,20180115,3.018,3.021,3.065,3.018,3.043,0.025,0.8284,5852667.17,1781827.856
510050.SH,20180116,3.043,3.036,3.065,3.034,3.064,0.021,0.6901,4702502.18,1432989.391
510050.SH,20180117,3.064,3.064,3.127,3.055,3.071,0.007,0.2285,8383916.12,2590198.891
510050.SH,20180118,3.071,3.09,3.122,3.082,3.106,0.035,1.1397,6123523.57,1898899.83
510050.SH,20180119,3.106,3.116,3.14,3.096,3.113,0.007,0.2254,7679212.2,2397934.043
510050.SH,20180122,3.113,3.103,3.139,3.092,3.129,0.016,0.514,6080782.75,1899510.274
510050.SH,20180123,3.129,3.137,3.175,3.137,3.173,0.044,1.4062,9355638.94,2953636.24
510050.SH,20180124,3.173,3.184,3.195,3.146,3.172,-0.001,-0.0315,8496426.27,2699437.535
510050.SH,20180125,3.172,3.165,3.171,3.121,3.15,-0.022,-0.6936,6424868.65,2022418.278
510050.SH,20180126,3.15,3.145,3.195,3.141,3.171,0.021,0.6667,5974380.41,1895127.949
510050.SH,20180129,3.171,3.181,3.193,3.103,3.114,-0.057,-1.7975,7415258.38,2340129.048
510050.SH,20180130,3.114,3.106,3.124,3.072,3.075,-0.039,-1.2524,4501058.01,1394189.793
510050.SH,20180131,3.075,3.064,3.117,3.062,3.113,0.038,1.2358,5737693.04,1775467.538
510050.SH,20180201,3.113,3.115,3.136,3.096,3.134,0.021,0.6746,7010665.53,2186595.086
510050.SH,20180202,3.134,3.11,3.148,3.076,3.145,0.011,0.351,7292157.06,2272216.717
510050.SH,20180205,3.145,3.106,3.181,3.099,3.18,0.035,1.1129,8264981.16,2594426.926
510050.SH,20180206,3.18,3.131,3.146,3.089,3.11,-0.07,-2.2013,17298860.45,5384711.724
510050.SH,20180207,3.11,3.142,3.162,3.013,3.023,-0.087,-2.7974,13889274.08,4266528.853
510050.SH,20180208,3.023,3.0,3.016,2.907,2.939,-0.084,-2.7787,12060134.78,3578899.06
510050.SH,20180209,2.939,2.851,2.878,2.713,2.803,-0.136,-4.6274,18486013.12,5148844.906
510050.SH,20180212,2.803,2.801,2.822,2.77,2.8,-0.003,-0.107,7828896.74,2193227.398
510050.SH,20180213,2.8,2.829,2.884,2.828,2.848,0.048,1.7143,6035503.38,1723677.927
510050.SH,20180214,2.848,2.856,2.873,2.837,2.866,0.018,0.632,2596548.65,741460.212
510050.SH,20180222,2.866,2.907,2.939,2.894,2.925,0.059,2.0586,3632410.17,1059208.023
510050.SH,20180223,2.925,2.934,2.962,2.924,2.955,0.03,1.0256,3510744.27,1032836.958
510050.SH,20180226,2.955,2.97,2.989,2.927,2.965,0.01,0.3384,6511913.47,1927924.081
510050.SH,20180227,2.965,2.973,2.976,2.912,2.92,-0.045,-1.5177,6385342.03,1873449.111
510050.SH,20180228,2.92,2.898,2.902,2.858,2.871,-0.049,-1.6781,6043608.11,1741070.931
510050.SH,20180301,2.871,2.852,2.904,2.849,2.884,0.013,0.4528,4505127.59,1298810.206
510050.SH,20180302,2.884,2.862,2.884,2.846,2.856,-0.028,-0.9709,3424885.11,980550.49
510050.SH,20180305,2.856,2.858,2.889,2.837,2.855,-0.001,-0.035,4844539.43,1385442.491
510050.SH,20180306,2.855,2.875,2.889,2.83,2.888,0.033,1.1559,5321614.49,1525238.009
510050.SH,20180307,2.888,2.888,2.917,2.859,2.871,-0.017,-0.5886,6929035.17,2001643.05
510050.SH,20180308,2.871,2.873,2.898,2.86,2.893,0.022,0.7663,3382254.01,975051.055
510050.SH,20180309,2.893,2.9,2.913,2.885,2.903,0.01,0.3457,4157863.55,1205019.645
510050.SH,20180312,2.903,2.916,2.923,2.894,2.905,0.002,0.0689,5242508.59,1524123.075
510050.SH,20180313,2.905,2.906,2.916,2.869,2.873,-0.032,-1.1015,6110263.19,1764288.853
510050.SH,20180314,2.873,2.864,2.874,2.853,2.863,-0.01,-0.3481,3079108.46,881510.46
510050.SH,20180315,2.863,2.856,2.891,2.852,2.89,0.027,0.9431,3327447.95,958410.016
510050.SH,20180316,2.89,2.891,2.905,2.861,2.862,-0.028,-0.9689,4296440.43,1239769.679
510050.SH,20180319,2.862,2.863,2.893,2.85,2.892,0.03,1.0482,4183281.98,1201754.748
510050.SH,20180320,2.892,2.876,2.901,2.871,2.895,0.003,0.1037,3095612.53,892921.489
510050.SH,20180321,2.895,2.92,2.924,2.871,2.884,-0.011,-0.38,4386752.17,1273673.068
510050.SH,20180322,2.884,2.885,2.898,2.842,2.857,-0.027,-0.9362,4467999.97,1279916.65
510050.SH,20180323,2.857,2.78,2.794,2.743,2.781,-0.076,-2.6601,6577138.36,1824960.347
510050.SH,20180326,2.781,2.764,2.768,2.702,2.734,-0.047,-1.69,6158116.33,1683043.369
510050.SH,20180327,2.734,2.765,2.774,2.717,2.739,0.005,0.1829,5944176.12,1631765.668
510050.SH,20180328,2.739,2.71,2.74,2.678,2.688,-0.051,-1.862,6802531.8,1838408.907
510050.SH,20180329,2.688,2.692,2.753,2.651,2.734,0.046,1.7113,7055855.41,1905708.016
510050.SH,20180330,2.734,2.733,2.735,2.708,2.713,-0.021,-0.7681,5197398.19,1414041.47
510050.SH,20180402,2.713,2.71,2.751,2.695,2.702,-0.011,-0.4055,5701730.05,1550314.34
510050.SH,20180403,2.702,2.682,2.708,2.676,2.693,-0.009,-0.3331,4126589.67,1109466.828
510050.SH,20180404,2.693,2.702,2.725,2.688,2.694,0.001,0.0371,4260190.22,1153924.587
510050.SH,20180409,2.694,2.698,2.716,2.683,2.711,0.017,0.631,4457497.35,1205290.004
510050.SH,20180410,2.711,2.713,2.776,2.705,2.775,0.064,2.3608,6981827.92,1911887.307
510050.SH,20180411,2.775,2.775,2.795,2.761,2.775,0.0,0.0,7025353.27,1952370.825
510050.SH,20180412,2.775,2.775,2.778,2.74,2.742,-0.033,-1.1892,4629887.09,1277055.672
510050.SH,20180413,2.742,2.755,2.764,2.714,2.717,-0.025,-0.9117,4384862.54,1199489.591
510050.SH,20180416,2.717,2.708,2.718,2.65,2.655,-0.062,-2.2819,6860905.25,1834639.043
510050.SH,20180417,2.655,2.661,2.678,2.622,2.626,-0.029,-1.0923,7427396.7,1970885.394
510050.SH,20180418,2.626,2.658,2.662,2.618,2.643,0.017,0.6474,8331652.88,2200641.845
510050.SH,20180419,2.643,2.652,2.688,2.646,2.676,0.033,1.2486,5487971.5,1466478.935
510050.SH,20180420,2.676,2.665,2.673,2.624,2.637,-0.039,-1.4574,7326092.2,1936764.933
510050.SH,20180423,2.637,2.625,2.665,2.625,2.658,0.021,0.7964,5832207.68,1545776.179
510050.SH,20180424,2.658,2.663,2.732,2.663,2.718,0.06,2.2573,10363734.0,2805969.429
510050.SH,20180425,2.718,2.703,2.712,2.69,2.693,-0.025,-0.9198,5765261.97,1556493.754
510050.SH,20180426,2.693,2.704,2.711,2.644,2.655,-0.038,-1.4111,5129491.85,1370684.895
510050.SH,20180427,2.655,2.665,2.668,2.603,2.642,-0.013,-0.4896,8263366.3,2179340.237
510050.SH,20180502,2.642,2.652,2.662,2.629,2.646,0.004,0.1514,5254244.12,1390071.333
510050.SH,20180503,2.646,2.639,2.666,2.617,2.654,0.008,0.3023,4991656.04,1319272.213
510050.SH,20180504,2.654,2.648,2.661,2.632,2.634,-0.02,-0.7536,4249559.68,1124222.082
510050.SH,20180507,2.634,2.642,2.679,2.628,2.674,0.04,1.5186,5610542.57,1491859.998
510050.SH,20180508,2.674,2.675,2.727,2.673,2.714,0.04,1.4959,7808507.3,2113864.275
510050.SH,20180509,2.714,2.712,2.717,2.697,2.711,-0.003,-0.1105,3486344.32,943859.483
510050.SH,20180510,2.711,2.716,2.734,2.702,2.723,0.012,0.4426,5215803.69,1417977.081
510050.SH,20180511,2.723,2.729,2.733,2.713,2.716,-0.007,-0.2571,4103602.33,1117242.122
510050.SH,20180514,2.716,2.725,2.754,2.725,2.745,0.029,1.0677,5675991.42,1556725.463
510050.SH,20180515,2.745,2.752,2.754,2.722,2.74,-0.005,-0.1821,3967040.66,1084784.173
510050.SH,20180516,2.74,2.732,2.735,2.702,2.705,-0.035,-1.2774,6786815.05,1843251.978
510050.SH,20180517,2.705,2.711,2.715,2.688,2.689,-0.016,-0.5915,3661169.5,988869.765
510050.SH,20180518,2.689,2.69,2.734,2.682,2.733,0.044,1.6363,6539614.77,1771701.744
510050.SH,20180521,2.733,2.751,2.758,2.728,2.736,0.003,0.1098,6719152.95,1844031.441
510050.SH,20180522,2.736,2.736,2.737,2.7,2.717,-0.019,-0.6944,6090915.59,1654159.201
510050.SH,20180523,2.717,2.711,2.711,2.67,2.672,-0.045,-1.6562,7872361.55,2113780.908
510050.SH,20180524,2.672,2.673,2.683,2.654,2.655,-0.017,-0.6362,3345195.22,893110.906
510050.SH,20180525,2.655,2.658,2.675,2.644,2.654,-0.001,-0.0377,3615520.52,962077.764
510050.SH,20180528,2.654,2.658,2.68,2.648,2.668,0.014,0.5275,5349198.71,1425988.59
510050.SH,20180529,2.668,2.666,2.671,2.635,2.655,-0.013,-0.4873,5280081.32,1400824.237
510050.SH,20180530,2.655,2.631,2.632,2.6,2.601,-0.054,-2.0339,6091947.36,1595058.091
510050.SH,20180531,2.601,2.62,2.657,2.617,2.651,0.05,1.9223,5139408.84,1354095.28
510050.SH,20180601,2.651,2.644,2.658,2.632,2.643,-0.008,-0.3018,3435158.15,907807.495
510050.SH,20180604,2.643,2.657,2.689,2.648,2.686,0.043,1.6269,4922161.45,1317343.68
510050.SH,20180605,2.686,2.685,2.703,2.673,2.696,0.01,0.3723,3718050.52,999840.662
510050.SH,20180606,2.696,2.692,2.695,2.682,2.686,-0.01,-0.3709,2749741.97,739259.816
510050.SH,20180607,2.686,2.696,2.717,2.691,2.694,0.008,0.2978,4520974.92,1221341.436
510050.SH,20180608,2.694,2.692,2.692,2.641,2.652,-0.042,-1.559,4472014.74,1190246.531
510050.SH,20180611,2.652,2.646,2.669,2.638,2.663,0.011,0.4148,3768374.7,1000289.958
510050.SH,20180612,2.663,2.663,2.696,2.653,2.688,0.025,0.9388,4969068.15,1330752.122
510050.SH,20180613,2.688,2.683,2.687,2.667,2.672,-0.016,-0.5952,3181872.4,852019.566
510050.SH,20180614,2.672,2.661,2.697,2.661,2.675,0.003,0.1123,5035938.83,1347711.515
510050.SH,20180615,2.675,2.676,2.69,2.668,2.678,0.003,0.1121,4369380.78,1171635.382
510050.SH,20180619,2.678,2.655,2.662,2.583,2.612,-0.066,-2.4645,8671085.53,2283778.528
510050.SH,20180620,2.612,2.602,2.621,2.584,2.61,-0.002,-0.0766,4734112.88,1233404.982
510050.SH,20180621,2.61,2.611,2.641,2.591,2.592,-0.018,-0.6897,6144921.67,1611735.975
510050.SH,20180622,2.592,2.585,2.605,2.571,2.598,0.006,0.2315,5145070.67,1331163.478
510050.SH,20180625,2.598,2.607,2.614,2.546,2.548,-0.05,-1.9246,5451130.43,1407392.107
510050.SH,20180626,2.548,2.536,2.536,2.483,2.52,-0.028,-1.0989,6896945.61,1734785.97
510050.SH,20180627,2.52,2.515,2.53,2.451,2.465,-0.055,-2.1825,7526618.54,1868552.495
510050.SH,20180628,2.465,2.451,2.48,2.433,2.441,-0.024,-0.9736,4680164.23,1148721.672
510050.SH,20180629,2.441,2.451,2.5,2.448,2.495,0.054,2.2122,5735634.38,1420601.354
510050.SH,20180702,2.495,2.49,2.49,2.387,2.402,-0.093,-3.7275,7882834.71,1927517.679
510050.SH,20180703,2.402,2.412,2.417,2.351,2.41,0.008,0.3331,7498297.69,1794299.172
510050.SH,20180704,2.41,2.404,2.423,2.384,2.39,-0.02,-0.8299,4279748.71,1028244.125
510050.SH,20180705,2.39,2.39,2.419,2.371,2.391,0.001,0.0418,4806742.36,1151142.241
510050.SH,20180706,2.391,2.399,2.445,2.37,2.425,0.034,1.422,7491591.42,1808783.334
510050.SH,20180709,2.425,2.436,2.497,2.435,2.496,0.071,2.9278,6107861.06,1508009.103
510050.SH,20180710,2.496,2.495,2.501,2.472,2.493,-0.003,-0.1202,4163678.25,1035850.728
510050.SH,20180711,2.493,2.445,2.465,2.429,2.454,-0.039,-1.5644,5042944.45,1235755.085
510050.SH,20180712,2.454,2.452,2.523,2.452,2.505,0.051,2.0782,5398262.6,1346598.282
510050.SH,20180713,2.505,2.513,2.517,2.498,2.509,0.004,0.1597,3347763.99,839484.675
510050.SH,20180716,2.509,2.508,2.524,2.478,2.49,-0.019,-0.7573,3981412.05,992598.503
510050.SH,20180717,2.49,2.489,2.492,2.459,2.475,-0.015,-0.6024,4208749.39,1040571.099
510050.SH,20180718,2.475,2.481,2.505,2.461,2.463,-0.012,-0.4848,5627098.4,1397269.596
510050.SH,20180719,2.463,2.474,2.5,2.463,2.474,0.011,0.4466,3966762.68,983572.899
510050.SH,20180720,2.474,2.474,2.553,2.452,2.54,0.066,2.6677,9077772.27,2276190.185
510050.SH,20180723,2.54,2.527,2.579,2.525,2.569,0.029,1.1417,7761373.76,1981644.976
510050.SH,20180724,2.569,2.576,2.626,2.576,2.61,0.041,1.596,6654713.79,1737849.206
510050.SH,20180725,2.61,2.619,2.621,2.598,2.609,-0.001,-0.0383,3908850.52,1019348.349
510050.SH,20180726,2.609,2.614,2.625,2.573,2.575,-0.034,-1.3032,3793583.65,984700.356
510050.SH,20180727,2.575,2.575,2.591,2.563,2.575,0.0,0.0,4064616.17,1047116.177
510050.SH,20180730,2.575,2.568,2.61,2.565,2.587,0.012,0.466,5541798.99,1432906.028
510050.SH,20180731,2.587,2.584,2.606,2.573,2.595,0.008,0.3092,4770616.2,1234773.033
510050.SH,20180801,2.595,2.607,2.621,2.533,2.537,-0.058,-2.2351,6281027.05,1620680.737
510050.SH,20180802,2.537,2.528,2.535,2.46,2.484,-0.053,-2.0891,7211972.56,1799665.064
510050.SH,20180803,2.484,2.484,2.499,2.456,2.457,-0.027,-1.087,4492235.12,1114037.048
510050.SH,20180806,2.457,2.458,2.494,2.438,2.455,-0.002,-0.0814,6107523.93,1505697.491
510050.SH,20180807,2.455,2.462,2.531,2.455,2.53,0.075,3.055,6747789.66,1681969.65
510050.SH,20180808,2.53,2.525,2.53,2.488,2.494,-0.036,-1.4229,5046803.45,1266377.786
510050.SH,20180809,2.494,2.486,2.559,2.483,2.551,0.057,2.2855,5629503.87,1428628.901
510050.SH,20180810,2.551,2.551,2.567,2.533,2.551,0.0,0.0,5303562.97,1352598.134
510050.SH,20180813,2.551,2.529,2.538,2.49,2.526,-0.025,-0.98,5088586.78,1280851.45
510050.SH,20180814,2.526,2.523,2.532,2.502,2.518,-0.008,-0.3167,4013338.1,1009904.102
510050.SH,20180815,2.518,2.516,2.516,2.449,2.454,-0.064,-2.5417,5204053.87,1289373.593
510050.SH,20180816,2.454,2.431,2.481,2.409,2.453,-0.001,-0.0407,7376080.91,1809777.877
510050.SH,20180817,2.453,2.475,2.478,2.414,2.42,-0.033,-1.3453,6223785.15,1521311.297
510050.SH,20180820,2.42,2.427,2.46,2.418,2.458,0.038,1.5702,5971887.62,1457281.952
510050.SH,20180821,2.458,2.46,2.51,2.456,2.496,0.038,1.546,7343200.29,1829181.714
510050.SH,20180822,2.496,2.509,2.509,2.483,2.499,0.003,0.1202,5712116.15,1425145.025
510050.SH,20180823,2.499,2.5,2.523,2.482,2.509,0.01,0.4002,4828294.52,1210743.787
510050.SH,20180824,2.509,2.5,2.546,2.485,2.523,0.014,0.558,4602932.48,1157069.157
510050.SH,20180827,2.523,2.534,2.572,2.53,2.571,0.048,1.9025,4604967.84,1175414.969
510050.SH,20180828,2.571,2.575,2.583,2.553,2.56,-0.011,-0.4278,2902311.14,744864.639
510050.SH,20180829,2.56,2.557,2.564,2.549,2.553,-0.007,-0.2734,2354116.96,601329.629
510050.SH,20180830,2.553,2.556,2.57,2.528,2.533,-0.02,-0.7834,3425790.06,872319.226
510050.SH,20180831,2.533,2.51,2.54,2.503,2.521,-0.012,-0.4737,5658302.65,1426387.351
510050.SH,20180903,2.521,2.508,2.52,2.492,2.512,-0.009,-0.357,3499668.38,878201.625
510050.SH,20180904,2.512,2.514,2.558,2.499,2.55,0.038,1.5127,5871698.78,1487512.798
510050.SH,20180905,2.55,2.537,2.543,2.485,2.487,-0.063,-2.4706,6162962.5,1548682.801
510050.SH,20180906,2.487,2.484,2.502,2.458,2.466,-0.021,-0.8444,4450224.13,1104004.931
510050.SH,20180907,2.466,2.474,2.51,2.466,2.491,0.025,1.0138,4721382.95,1175338.288
510050.SH,20180910,2.491,2.485,2.495,2.464,2.466,-0.025,-1.0036,5473959.25,1353494.447
510050.SH,20180911,2.466,2.464,2.476,2.44,2.449,-0.017,-0.6894,7483562.09,1840034.079
510050.SH,20180912,2.449,2.444,2.451,2.426,2.432,-0.017,-0.6942,5386638.69,1312714.761
510050.SH,20180913,2.432,2.462,2.471,2.434,2.466,0.034,1.398,7191134.53,1763511.049
510050.SH,20180914,2.466,2.469,2.486,2.46,2.475,0.009,0.365,4774951.05,1181294.349
510050.SH,20180917,2.475,2.46,2.469,2.449,2.452,-0.023,-0.9293,3587507.01,881489.679
510050.SH,20180918,2.452,2.444,2.515,2.441,2.513,0.061,2.4878,6257165.66,1553404.157
510050.SH,20180919,2.513,2.507,2.557,2.502,2.538,0.025,0.9948,11346627.7,2875976.142
510050.SH,20180920,2.538,2.541,2.555,2.535,2.541,0.003,0.1182,5630914.83,1432342.704
510050.SH,20180921,2.541,2.546,2.637,2.54,2.632,0.091,3.5813,12526019.11,3237850.345
510050.SH,20180925,2.632,2.601,2.612,2.59,2.6,-0.032,-1.2158,8793921.09,2289129.051
510050.SH,20180926,2.6,2.608,2.665,2.607,2.638,0.038,1.4615,12509340.54,3303371.02
510050.SH,20180927,2.638,2.63,2.639,2.616,2.628,-0.01,-0.3791,7091972.6,1863219.042
510050.SH,20180928,2.628,2.634,2.674,2.634,2.659,0.031,1.1796,9357883.93,2482063.284
510050.SH,20181008,2.659,2.6,2.61,2.53,2.533,-0.126,-4.7386,13812960.13,3549752.821
510050.SH,20181009,2.533,2.536,2.559,2.527,2.545,0.012,0.4737,6857269.92,1744365.478
510050.SH,20181010,2.545,2.548,2.569,2.522,2.545,0.0,0.0,9237275.4,2352262.291
510050.SH,20181011,2.545,2.465,2.497,2.415,2.439,-0.106,-4.165,17201447.97,4237190.646
510050.SH,20181012,2.439,2.446,2.505,2.442,2.494,0.055,2.255,11914450.9,2944757.011
510050.SH,20181015,2.494,2.498,2.499,2.459,2.463,-0.031,-1.243,7111627.97,1761238.494
510050.SH,20181016,2.463,2.466,2.51,2.453,2.467,0.004,0.1624,10289539.87,2553136.179
510050.SH,20181017,2.467,2.499,2.506,2.431,2.477,0.01,0.4054,15095397.47,3739517.266
510050.SH,20181018,2.477,2.46,2.464,2.417,2.419,-0.058,-2.3415,8560992.87,2089517.335
510050.SH,20181019,2.419,2.398,2.5,2.394,2.491,0.072,2.9764,14075977.7,3459759.479
510050.SH,20181022,2.491,2.53,2.621,2.511,2.599,0.108,4.3356,21739074.49,5601993.715
510050.SH,20181023,2.599,2.592,2.599,2.498,2.511,-0.088,-3.3859,17429975.72,4447503.08
510050.SH,20181024,2.511,2.506,2.579,2.506,2.525,0.014,0.5575,17119307.21,4342598.099
510050.SH,20181025,2.525,2.47,2.537,2.461,2.531,0.006,0.2376,10730785.21,2680100.189
510050.SH,20181026,2.531,2.537,2.55,2.492,2.516,-0.015,-0.5927,9156340.76,2307347.593
510050.SH,20181029,2.516,2.51,2.525,2.421,2.431,-0.085,-3.3784,13053057.26,3208841.956
510050.SH,20181030,2.431,2.424,2.496,2.422,2.463,0.032,1.3163,13959948.24,3433249.609
510050.SH,20181031,2.463,2.472,2.508,2.458,2.496,0.033,1.3398,11289132.71,2806521.875
510050.SH,20181101,2.496,2.52,2.548,2.502,2.507,0.011,0.4407,10972874.85,2772464.245
510050.SH,20181102,2.507,2.57,2.596,2.536,2.594,0.087,3.4703,17200345.22,4417454.63
510050.SH,20181105,2.594,2.573,2.573,2.539,2.558,-0.036,-1.3878,7506374.26,1919837.121
510050.SH,20181106,2.558,2.553,2.558,2.527,2.546,-0.012,-0.4691,7271512.39,1847724.176
510050.SH,20181107,2.546,2.55,2.571,2.524,2.528,-0.018,-0.707,7524801.72,1914198.097
510050.SH,20181108,2.528,2.551,2.561,2.53,2.537,0.009,0.356,6577376.37,1673227.225
510050.SH,20181109,2.537,2.52,2.52,2.48,2.48,-0.057,-2.2467,12441089.31,3107304.443
510050.SH,20181112,2.48,2.477,2.495,2.467,2.49,0.01,0.4032,7608103.24,1889158.465
510050.SH,20181113,2.49,2.461,2.524,2.458,2.509,0.019,0.7631,9301776.52,2315689.623
510050.SH,20181114,2.509,2.507,2.508,2.471,2.475,-0.034,-1.3551,6731566.5,1673788.381
510050.SH,20181115,2.475,2.475,2.506,2.474,2.505,0.03,1.2121,6636932.58,1655348.237
510050.SH,20181116,2.505,2.506,2.53,2.489,2.507,0.002,0.0798,8651753.74,2173632.881
510050.SH,20181119,2.507,2.511,2.54,2.511,2.54,0.033,1.3163,8821221.36,2230974.012
510050.SH,20181120,2.54,2.523,2.532,2.491,2.498,-0.042,-1.6535,7450939.07,1869895.57
510050.SH,20181121,2.498,2.48,2.503,2.476,2.497,-0.001,-0.04,6759450.54,1684666.465
510050.SH,20181122,2.497,2.501,2.504,2.47,2.483,-0.014,-0.5607,6037057.21,1498767.907
510050.SH,20181123,2.483,2.482,2.489,2.438,2.442,-0.041,-1.6512,7557891.3,1859303.052
510050.SH,20181126,2.442,2.453,2.47,2.437,2.45,0.008,0.3276,9171852.16,2248868.03
510050.SH,20181127,2.45,2.453,2.462,2.432,2.439,-0.011,-0.449,7923000.29,1938288.584
510050.SH,20181128,2.439,2.44,2.472,2.439,2.466,0.027,1.107,9237852.22,2270958.157
510050.SH,20181129,2.466,2.479,2.486,2.451,2.453,-0.013,-0.5272,5094377.04,1258887.035
510050.SH,20181130,2.453,2.45,2.479,2.448,2.474,0.021,0.8561,6303394.99,1554387.434
510050.SH,20181203,2.425,2.49,2.494,2.463,2.482,0.057,2.3505,7429891.87,1844693.591
510050.SH,20181204,2.482,2.482,2.496,2.475,2.49,0.008,0.3223,5166924.55,1284125.862
510050.SH,20181205,2.49,2.466,2.489,2.464,2.479,-0.011,-0.4418,6437242.57,1595598.317
510050.SH,20181206,2.479,2.455,2.46,2.431,2.433,-0.046,-1.8556,10326016.49,2520416.104
510050.SH,20181207,2.433,2.44,2.443,2.425,2.425,-0.008,-0.3288,7015264.23,1707456.849
510050.SH,20181210,2.425,2.412,2.424,2.398,2.408,-0.017,-0.701,8166439.14,1966348.639
510050.SH,20181211,2.408,2.408,2.417,2.404,2.413,0.005,0.2076,7180797.77,1730496.316
510050.SH,20181212,2.413,2.428,2.431,2.412,2.419,0.006,0.2487,6210199.24,1503005.768
510050.SH,20181213,2.419,2.421,2.464,2.421,2.453,0.034,1.4055,8958024.76,2194111.741
510050.SH,20181214,2.453,2.445,2.445,2.422,2.423,-0.03,-1.223,6044367.66,1469223.498
510050.SH,20181217,2.423,2.418,2.428,2.407,2.42,-0.003,-0.1238,9597185.17,2320703.537
510050.SH,20181218,2.42,2.408,2.423,2.386,2.391,-0.029,-1.1983,8157812.27,1959459.228
510050.SH,20181219,2.391,2.394,2.398,2.359,2.365,-0.026,-1.0874,6794289.65,1616954.83
510050.SH,20181220,2.365,2.36,2.369,2.312,2.331,-0.034,-1.4376,8889662.24,2075575.6
510050.SH,20181221,2.331,2.322,2.325,2.283,2.302,-0.029,-1.2441,7960322.29,1827648.11
510050.SH,20181224,2.302,2.289,2.31,2.281,2.304,0.002,0.0869,8199044.26,1882592.032
510050.SH,20181225,2.304,2.283,2.306,2.251,2.292,-0.012,-0.5208,16703674.88,3799465.808
510050.SH,20181226,2.292,2.289,2.297,2.271,2.275,-0.017,-0.7417,11515722.34,2628114.094
510050.SH,20181227,2.275,2.304,2.309,2.268,2.275,0.0,0.0,6936089.54,1588103.576
510050.SH,20181228,2.275,2.277,2.303,2.274,2.286,0.011,0.4835,9505151.86,2173070.031
510050.SH,20190102,2.286,2.291,2.294,2.246,2.255,-0.031,-1.3561,7570764.9,1712496.852
510050.SH,20190103,2.255,2.255,2.284,2.25,2.261,0.006,0.2661,6237331.84,1412693.946
510050.SH,20190104,2.261,2.248,2.312,2.246,2.31,0.049,2.1672,10940849.85,2504025.088
510050.SH,20190107,2.31,2.32,2.325,2.299,2.307,-0.003,-0.1299,5897834.89,1362653.387
510050.SH,20190108,2.307,2.307,2.307,2.294,2.3,-0.007,-0.3034,3908305.38,898453.538
510050.SH,20190109,2.3,2.313,2.353,2.311,2.325,0.025,1.087,10274108.89,2401047.91
510050.SH,20190110,2.325,2.325,2.34,2.314,2.328,0.003,0.129,5419559.27,1261251.534
510050.SH,20190111,2.328,2.331,2.355,2.328,2.347,0.019,0.8162,6140104.16,1438014.466
510050.SH,20190114,2.347,2.342,2.346,2.324,2.325,-0.022,-0.9374,4351588.41,1014762.935
510050.SH,20190115,2.325,2.33,2.372,2.328,2.37,0.045,1.9355,11551682.37,2720673.357
510050.SH,20190116,2.37,2.368,2.377,2.357,2.374,0.004,0.1688,4770962.26,1129702.841
510050.SH,20190117,2.374,2.378,2.391,2.362,2.365,-0.009,-0.3791,3965942.89,942012.678
510050.SH,20190118,2.365,2.375,2.414,2.373,2.409,0.044,1.8605,6251104.81,1498472.809
510050.SH,20190121,2.409,2.407,2.437,2.406,2.424,0.015,0.6227,5361803.15,1300447.871
510050.SH,20190122,2.424,2.423,2.423,2.39,2.396,-0.028,-1.1551,6184660.58,1485736.011
510050.SH,20190123,2.396,2.389,2.408,2.384,2.392,-0.004,-0.1669,5503876.86,1318478.513
510050.SH,20190124,2.392,2.395,2.407,2.377,2.403,0.011,0.4599,5484315.05,1314224.68
510050.SH,20190125,2.403,2.412,2.445,2.407,2.433,0.03,1.2484,8426651.98,2049554.356
510050.SH,20190128,2.433,2.447,2.465,2.421,2.43,-0.003,-0.1233,4639326.76,1135339.866
510050.SH,20190129,2.43,2.426,2.454,2.417,2.448,0.018,0.7407,5789639.55,1409218.099
510050.SH,20190130,2.448,2.435,2.455,2.431,2.437,-0.011,-0.4493,4510495.3,1101487.89
510050.SH,20190131,2.437,2.447,2.478,2.443,2.474,0.037,1.5183,7068258.45,1743023.618
510050.SH,20190201,2.474,2.49,2.494,2.469,2.492,0.018,0.7276,5071088.6,1258934.267
510050.SH,20190211,2.492,2.482,2.518,2.475,2.516,0.024,0.9631,6242696.17,1560662.785
510050.SH,20190212,2.516,2.517,2.529,2.506,2.524,0.008,0.318,4140549.0,1042670.793
510050.SH,20190213,2.524,2.525,2.581,2.519,2.571,0.047,1.8621,7008007.92,1787558.222
510050.SH,20190214,2.571,2.565,2.578,2.557,2.567,-0.004,-0.1556,7113019.6,1826332.218
510050.SH,20190215,2.567,2.56,2.562,2.505,2.511,-0.056,-2.1815,8525067.53,2159447.808
510050.SH,20190218,2.511,2.529,2.573,2.529,2.571,0.06,2.3895,11739115.71,3002852.943
510050.SH,20190219,2.571,2.575,2.604,2.557,2.567,-0.004,-0.1556,10788713.06,2781595.168
510050.SH,20190220,2.567,2.581,2.588,2.56,2.577,0.01,0.3896,4916327.35,1266630.625
510050.SH,20190221,2.577,2.575,2.604,2.558,2.566,-0.011,-0.4269,10241011.32,2639159.388
510050.SH,20190222,2.566,2.562,2.62,2.546,2.618,0.052,2.0265,8409185.33,2166137.573
510050.SH,20190225,2.618,2.645,2.829,2.64,2.816,0.198,7.563,18873596.41,5123904.64
510050.SH,20190226,2.816,2.8,2.8,2.717,2.728,-0.088,-3.125,17951760.19,4962554.885
510050.SH,20190227,2.728,2.729,2.782,2.707,2.736,0.008,0.2933,13528106.47,3716335.33
510050.SH,20190228,2.736,2.736,2.758,2.724,2.736,0.0,0.0,7281764.67,1994954.639
510050.SH,20190301,2.736,2.75,2.806,2.733,2.802,0.066,2.4123,10116501.46,2797615.029
510050.SH,20190304,2.802,2.821,2.897,2.798,2.815,0.013,0.464,15570769.67,4416759.46
510050.SH,20190305,2.815,2.812,2.822,2.791,2.813,-0.002,-0.071,8937557.03,2508877.95
510050.SH,20190306,2.813,2.812,2.832,2.777,2.82,0.007,0.2488,12809075.36,3590201.85
510050.SH,20190307,2.82,2.811,2.813,2.756,2.773,-0.047,-1.6667,10880304.46,3026110.293
510050.SH,20190308,2.773,2.726,2.74,2.671,2.675,-0.098,-3.5341,11442307.52,3087545.163
